AnimalID,Name,DateTime_x,Intake Type,Intake Condition,AnimalType,Sex upon Intake,Age upon Intake,Breed,Color,Breed group,Color group
A664702,Harley,10/8/13 15:30,Stray,Normal,Dog,Neutered Male,4 years,Pit Bull Mix,White,Pit Bull,Light
A664947,Mei Mei,10/11/13 13:17,Stray,Normal,Cat,Intact Female,7 months,Domestic Shorthair Mix,Cream Tabby/White,Domestic Shorthair,Light/Medium
A665162,Diamond,10/14/13 14:48,Stray,Normal,Dog,Intact Female,4 months,Pit Bull Mix,Blue/White,Pit Bull,Medium/Light
A665440,Manny,10/17/13 18:53,Stray,Normal,Dog,Neutered Male,2 years,Chihuahua Shorthair Mix,Black/Brown,Toy,Dark/Medium
A665594,Fifi,10/19/13 18:11,Stray,Normal,Dog,Intact Female,1 year,Chihuahua Shorthair/Dachshund,Tricolor,Toy,Tricolor
A665619,Chico,10/20/13 12:30,Stray,Normal,Dog,Intact Male,11 months,Chihuahua Shorthair Mix,Black/Tan,Toy,Dark/Medium
A665743,Max,10/22/13 11:23,Stray,Normal,Dog,Intact Male,9 months,Jack Russell Terrier/Chihuahua Shorthair,White/Brown,Terrier,Light/Medium
A652564,G-Unit,10/22/13 14:23,Stray,Normal,Dog,Neutered Male,4 years,Pit Bull Mix,Brown Brindle,Pit Bull,Medium
A651275,Rex,10/28/13 13:10,Owner Surrender,Normal,Dog,Neutered Male,10 months,German Shepherd Mix,Black/Tan,Herding,Dark/Medium
A666644,*Gable,11/5/13 11:16,Stray,Normal,Dog,Intact Male,1 month,Labrador Retriever Mix,Black/White,Sporting,Dark/Light
A666817,Mittens,11/7/13 15:20,Public Assist,Normal,Cat,Intact Female,1 month,Domestic Shorthair,Black,Domestic Shorthair,Dark
A594461,Gabby,11/8/13 17:47,Stray,Normal,Dog,Spayed Female,7 years,Brittany,White/Orange,Sporting,Light/Medium
A594461,Gabby,11/8/13 17:47,Stray,Normal,Dog,Spayed Female,7 years,Brittany,White/Orange,Sporting,Light/Medium
A667109,Hank,11/12/13 18:11,Stray,Normal,Dog,Intact Male,2 years,American Bulldog/Labrador Retriever,Black/White,Non-Sporting,Dark/Light
A667201,Olive,11/14/13 13:09,Owner Surrender,Normal,Cat,Intact Female,5 months,Domestic Shorthair Mix,Orange Tabby,Domestic Shorthair,Medium
A667203,Scooter,11/14/13 13:09,Owner Surrender,Normal,Cat,Intact Male,5 months,Domestic Shorthair Mix,Orange Tabby,Domestic Shorthair,Medium
A666866,Mary,11/20/13 11:33,Owner Surrender,Normal,Cat,Spayed Female,7 years,Domestic Shorthair Mix,Black/White,Domestic Shorthair,Dark/Light
A663422,Sparky Rex,11/22/13 11:02,Stray,Normal,Dog,Neutered Male,2 years,German Shepherd/Rottweiler,Chocolate/Tan,Herding,Dark/Medium
A663422,Sparky Rex,11/22/13 11:02,Stray,Normal,Dog,Neutered Male,2 years,German Shepherd/Rottweiler,Chocolate/Tan,Herding,Dark/Medium
A667878,Sasha,11/24/13 13:06,Owner Surrender,Normal,Dog,Intact Female,9 months,American Bulldog Mix,Black/White,Non-Sporting,Dark/Light
A667894,Ginger,11/24/13 15:47,Stray,Normal,Dog,Spayed Female,1 year,American Foxhound Mix,Tricolor,Hound,Tricolor
A667920,*Blue Bell,11/25/13 11:33,Stray,Normal,Dog,Spayed Female,4 years,American Staffordshire Terrier Mix,Blue/White,Terrier,Medium/Light
A668177,Dash,11/29/13 11:13,Stray,Normal,Cat,Intact Male,2 weeks,Domestic Shorthair Mix,Blue Tabby,Domestic Shorthair,Medium/Light
A668506,Jake,12/5/13 11:06,Public Assist,Normal,Dog,Intact Male,5 years,German Shepherd,Brown/Black,Herding,Medium/Dark
A668598,Sprinkles,12/5/13 16:20,Stray,Normal,Dog,Neutered Male,1 month,Rottweiler Mix,Black/White,Working,Dark/Light
A668636,Barley,12/6/13 13:29,Owner Surrender,Injured,Dog,Intact Male,1 year,German Shepherd/Collie Smooth,Tan/White,Herding,Medium/Light
A587871,Baxter,12/7/13 14:37,Public Assist,Normal,Dog,Neutered Male,8 years,Rat Terrier,Tricolor,Terrier,Tricolor
A668816,Bella,12/10/13 10:19,Stray,Normal,Dog,Spayed Female,2 years,Miniature Pinscher Mix,Black/Brown,Toy,Dark/Medium
A607523,Chance,12/13/13 15:20,Stray,Normal,Dog,Neutered Male,6 years,American Bulldog Mix,White/Brown Brindle,Non-Sporting,Light/Medium
A607523,Chance,12/13/13 15:20,Stray,Normal,Dog,Neutered Male,6 years,American Bulldog Mix,White/Brown Brindle,Non-Sporting,Light/Medium
A669080,Spartacus,12/14/13 12:02,Stray,Normal,Dog,Intact Male,2 years,Pit Bull Mix,Blue/White,Pit Bull,Medium/Light
A669103,Canelo,12/14/13 14:15,Stray,Normal,Dog,Intact Male,5 months,Collie Rough Mix,Brown/White,Herding,Medium/Light
A630889,Baylah,12/15/13 17:06,Stray,Nursing,Dog,Spayed Female,2 years,Siberian Husky Mix,White,Working,Light
A669696,Chaka,12/25/13 18:38,Stray,Normal,Dog,Intact Male,3 years,Pit Bull Mix,Tricolor,Pit Bull,Tricolor
A670262,*Pippa,1/4/14 14:04,Stray,Injured,Dog,Spayed Female,7 years,Pointer Mix,White/Tan,Sporting,Light/Medium
A670262,*Pippa,1/4/14 14:04,Stray,Injured,Dog,Spayed Female,7 years,Pointer Mix,White/Tan,Sporting,Light/Medium
A669896,Dash,12/29/13 15:33,Stray,Normal,Dog,Intact Male,2 months,Labrador Retriever Mix,White/Tan,Sporting,Light/Medium
A669896,Dash,12/29/13 15:33,Stray,Normal,Dog,Intact Male,2 months,Labrador Retriever Mix,White/Tan,Sporting,Light/Medium
A607523,Chance,12/31/13 11:21,Stray,Normal,Dog,Neutered Male,6 years,American Bulldog Mix,White/Brown Brindle,Non-Sporting,Light/Medium
A607523,Chance,12/31/13 11:21,Stray,Normal,Dog,Neutered Male,6 years,American Bulldog Mix,White/Brown Brindle,Non-Sporting,Light/Medium
A449968,Bella,1/4/14 14:30,Owner Surrender,Normal,Cat,Spayed Female,8 years,Domestic Shorthair Mix,Brown Tabby,Domestic Shorthair,Medium/Light
A670382,*Roscoe,1/7/14 12:29,Stray,Normal,Dog,Intact Male,2 years,Pit Bull Mix,Brown Brindle/White,Pit Bull,Medium/Light
A670607,Bear,1/11/14 1:36,Stray,Normal,Dog,Intact Male,3 months,Labrador Retriever Mix,Black,Sporting,Dark
A670612,Sheila,1/11/14 11:01,Stray,Normal,Dog,Intact Female,2 years,Beagle,Brown/White,Hound,Medium/Light
A670832,Lucky,1/14/14 18:38,Stray,Normal,Dog,Intact Male,1 year,Labrador Retriever Mix,Brown/White,Sporting,Medium/Light
A668079,King,1/15/14 11:26,Public Assist,Normal,Dog,Neutered Male,6 years,Pit Bull/Labrador Retriever,Black/White,Pit Bull,Dark/Light
A670912,Daisy,1/15/14 18:12,Stray,Normal,Dog,Intact Female,2 months,Catahoula Mix,White/Black,Herding,Light/Dark
A671013,Godiva,1/17/14 12:11,Owner Surrender,Normal,Cat,Spayed Female,13 years,Domestic Medium Hair Mix,Brown Tabby/White,Domestic Medium Hair,Medium/Light
A669201,Boni,1/18/14 13:35,Stray,Normal,Dog,Intact Male,1 year,Chihuahua Shorthair Mix,Black/Brown,Toy,Dark/Medium
A671013,Godiva,1/19/14 11:31,Owner Surrender,Normal,Cat,Spayed Female,13 years,Domestic Medium Hair Mix,Brown Tabby/White,Domestic Medium Hair,Medium/Light
A671558,Sage,1/27/14 11:28,Stray,Normal,Dog,Intact Female,1 year,Pit Bull Mix,Tan/White,Pit Bull,Medium/Light
A672022,Dixon,2/2/14 22:34,Stray,Normal,Dog,Intact Male,3 years,Pit Bull Mix,Blue/White,Pit Bull,Medium/Light
A672175,,2/5/14 12:05,Owner Surrender,Normal,Dog,Intact Female,2 months,German Shepherd/Border Collie,Black/White,Herding,Dark/Light
A672216,Rambo,2/5/14 18:49,Stray,Normal,Dog,Intact Male,1 year,Doberman Pinsch,Black/Tan,Working,Dark/Medium
A672216,Rambo,2/5/14 18:49,Stray,Normal,Dog,Intact Male,1 year,Doberman Pinsch,Black/Tan,Working,Dark/Medium
A671805,Dosha,2/6/14 15:18,Public Assist,Nursing,Dog,Intact Female,1 year,Pit Bull Mix,Black/White,Pit Bull,Dark/Light
A672451,Delgado,2/10/14 13:25,Stray,Normal,Dog,Neutered Male,4 years,German Shepherd Mix,Black/Tan,Herding,Dark/Medium
A672485,,2/11/14 12:24,Stray,Normal,Dog,Intact Male,1 year,Rat Terrier Mix,White/Tan,Terrier,Light/Medium
A672506,*Roman,2/11/14 16:32,Stray,Normal,Dog,Intact Male,3 years,Pit Bull Mix,Black,Pit Bull,Dark
A672679,Mellie,2/14/14 18:51,Stray,Normal,Dog,Spayed Female,3 years,Labrador Retriever/Boxer,Black/White,Sporting,Dark/Light
A669067,Rocky,2/20/14 14:04,Owner Surrender,Normal,Dog,Neutered Male,2 years,Australian Cattle Dog Mix,White/Red Merle,Herding,Light/Medium
A667894,Ginger,2/22/14 13:59,Stray,Normal,Dog,Spayed Female,1 year,American Foxhound Mix,Tricolor,Hound,Tricolor
A673466,*Guinness,2/24/14 15:05,Owner Surrender,Normal,Dog,Neutered Male,3 years,Catahoula/Chinese Sharpei,Brown Merle,Herding,Light/Medium
A673530,Cece,2/27/14 12:14,Public Assist,Normal,Dog,Intact Female,3 years,Chihuahua Shorthair Mix,Tan/Tan,Toy,Medium
A635818,Oscar,2/28/14 16:41,Stray,Normal,Dog,Neutered Male,4 years,Dachshund Mix,Black/Tan,Hound,Dark/Medium
A662826,Tyson,3/3/14 12:26,Stray,Normal,Dog,Neutered Male,2 years,Siberian Husky Mix,Black/White,Working,Dark/Light
A671805,Dosha,3/10/14 15:12,Stray,Normal,Dog,Intact Female,1 year,Pit Bull Mix,Black/White,Pit Bull,Dark/Light
A674746,Toby,3/17/14 18:41,Stray,Normal,Dog,Intact Male,1 year,Chihuahua Shorthair Mix,White,Toy,Light
A675236,Shilo,3/25/14 13:11,Stray,Normal,Dog,Intact Female,4 months,Chihuahua Shorthair/Basenji,Black/White,Toy,Dark/Light
A663819,Zeus,3/26/14 10:30,Stray,Normal,Dog,Neutered Male,1 year,Pit Bull Mix,Black/White,Pit Bull,Dark/Light
A675639,Boomer,3/30/14 16:18,Stray,Normal,Dog,Intact Male,2 years,Pit Bull Mix,Tan/White,Pit Bull,Medium/Light
A648685,Hog,4/2/14 11:06,Stray,Normal,Dog,Intact Male,3 years,Pit Bull Mix,Brown Brindle/White,Pit Bull,Medium/Light
A676035,Sasha,4/3/14 16:05,Stray,Normal,Dog,Spayed Female,2 years,Pit Bull Mix,Brown/White,Pit Bull,Medium/Light
A663422,Sparky Rex,4/5/14 18:46,Stray,Normal,Dog,Neutered Male,2 years,German Shepherd/Rottweiler,Chocolate/Tan,Herding,Dark/Medium
A663422,Sparky Rex,4/5/14 18:46,Stray,Normal,Dog,Neutered Male,2 years,German Shepherd/Rottweiler,Chocolate/Tan,Herding,Dark/Medium
A676235,Lily,4/6/14 16:23,Stray,Normal,Dog,Intact Female,2 months,Boxer Mix,Black/White,Working,Dark/Light
A607663,Chopper,4/9/14 16:08,Stray,Normal,Dog,Neutered Male,5 years,Catahoula/Plott Hound,Brown Brindle/White,Hound,Medium/Light
A675639,Boomer,4/11/14 18:30,Stray,Normal,Dog,Neutered Male,2 years,Pit Bull Mix,Tan/White,Pit Bull,Medium/Light
A676557,Moo,4/12/14 16:13,Public Assist,Normal,Dog,Intact Female,1 year,Rat Terrier Mix,White/Black,Terrier,Light/Dark
A676571,Apple,4/14/14 18:30,Public Assist,Normal,Dog,Intact Female,2 years,German Shepherd Mix,Black/Brown,Herding,Dark/Medium
A676815,Star,4/15/14 14:51,Stray,Normal,Dog,Intact Female,7 years,Pit Bull Mix,Blue/White,Pit Bull,Medium/Light
A487253,Artemis,4/16/14 14:03,Owner Surrender,Normal,Cat,Neutered Male,6 years,Domestic Longhair Mix,Black Smoke,Domestic Longhair,Dark
A677189,Luna,4/21/14 10:42,Stray,Normal,Dog,Intact Female,2 months,Labrador Retriever Mix,Tan/White,Sporting,Medium/Light
A671323,Riley,4/23/14 16:28,Owner Surrender,Injured,Dog,Spayed Female,8 months,Chihuahua Shorthair Mix,Brown/White,Toy,Medium/Light
A677523,Candy,4/26/14 7:42,Stray,Normal,Dog,Intact Female,1 year,Chihuahua Shorthair Mix,Brown,Toy,Medium
A677626,Peppa,4/27/14 11:23,Stray,Normal,Cat,Intact Female,1 month,Domestic Shorthair Mix,Black,Domestic Shorthair,Dark
A678131,Peewee,5/4/14 13:03,Public Assist,Normal,Dog,Intact Male,1 year,Jack Russell Terrier/Australian Cattle Dog,White/Black,Terrier,Light/Dark
A678174,Scarlet Rose,5/5/14 12:05,Public Assist,Normal,Dog,Intact Female,2 years,Pit Bull Mix,Red/White,Pit Bull,Medium/Light
A678529,Big Boy,5/9/14 17:42,Stray,Normal,Dog,Intact Male,1 month,Pit Bull Mix,Black/White,Pit Bull,Dark/Light
A606171,Savage,5/11/14 14:56,Stray,Normal,Dog,Spayed Female,3 years,Toy Fox Terrier Mix,White/Black,Terrier,Light/Dark
A346599,Assassin,5/12/14 15:04,Stray,Normal,Cat,Intact Male,10 years,Domestic Shorthair Mix,Black,Domestic Shorthair,Dark
A593537,Chacha,5/13/14 12:08,Stray,Normal,Dog,Spayed Female,5 years,Labrador Retriever Mix,Black,Sporting,Dark
A593537,Chacha,5/13/14 12:08,Stray,Normal,Dog,Spayed Female,5 years,Labrador Retriever Mix,Black,Sporting,Dark
A615725,Cookie,5/15/14 0:25,Stray,Normal,Dog,Spayed Female,3 years,Pit Bull Mix,White,Pit Bull,Light
A667894,Ginger,5/16/14 12:57,Stray,Normal,Dog,Spayed Female,1 year,American Foxhound Mix,Tricolor,Hound,Tricolor
A679096,Copper,5/16/14 13:01,Stray,Normal,Dog,Neutered Male,7 years,Miniature Pinscher Mix,Red,Toy,Medium
A676035,Sasha,5/16/14 16:12,Stray,Normal,Dog,Spayed Female,2 years,Pit Bull Mix,Brown/White,Pit Bull,Medium/Light
A679174,Cali,5/17/14 11:10,Owner Surrender,Normal,Cat,Intact Female,1 month,Domestic Shorthair Mix,Tortie/White,Domestic Shorthair,Tricolor
A679213,*Tucker,5/17/14 14:26,Stray,Other,Dog,Intact Male,2 years,Black Mouth Cur Mix,Tan,Herding,Medium
A673128,Star,5/23/14 16:03,Stray,Normal,Dog,Intact Female,1 year,German Shepherd Mix,Black/Tan,Herding,Dark/Medium
A679647,Lady,5/24/14 13:21,Stray,Normal,Dog,Spayed Female,8 years,Rottweiler Mix,Tan/Black,Working,Medium/Dark
A679536,Lucky,5/24/14 14:27,Public Assist,Normal,Dog,Intact Male,1 year,Chihuahua Shorthair Mix,Brown,Toy,Medium
A679685,*Molly,5/24/14 17:09,Stray,Normal,Dog,Intact Female,4 years,Pit Bull Mix,Black Brindle/White,Pit Bull,Tricolor
A610265,Jack,5/28/14 16:48,Stray,Normal,Dog,Neutered Male,4 years,American Bulldog,Blue/White,Non-Sporting,Medium/Light
A680313,Buddy,5/29/14 10:00,Stray,Nursing,Dog,Intact Male,0 years,Australian Kelpie Mix,Black/Tan,Working,Dark/Medium
A601482,Pepe,6/2/14 18:59,Stray,Normal,Dog,Neutered Male,6 years,Chow Chow/Australian Cattle Dog,Tan/Black,Non-Sporting,Medium/Dark
A680865,Rex,6/9/14 12:09,Stray,Normal,Dog,Intact Male,1 month,Siberian Husky Mix,White/Red,Working,Light/Medium
A666644,*Gable,6/9/14 13:37,Stray,Normal,Dog,Neutered Male,8 months,Labrador Retriever Mix,Black/White,Sporting,Dark/Light
A681145,*Farley,6/13/14 11:01,Stray,Normal,Dog,Neutered Male,10 years,Catahoula Mix,Blue Merle,Herding,Light/Medium
A681179,Tyson,6/13/14 16:01,Stray,Normal,Dog,Intact Male,1 month,Catahoula Mix,Fawn/White,Herding,Light
A679174,Cali,6/15/14 15:32,Owner Surrender,Normal,Cat,Spayed Female,2 months,Domestic Shorthair Mix,Tortie/White,Domestic Shorthair,Tricolor
A572003,Brodie,6/16/14 12:53,Stray,Normal,Dog,Neutered Male,4 years,Harrier/Catahoula,White/Brown,Hound,Light/Medium
A572003,Brodie,6/16/14 12:53,Stray,Normal,Dog,Neutered Male,4 years,Harrier/Catahoula,White/Brown,Hound,Light/Medium
A572004,Raven,6/16/14 12:53,Stray,Injured,Dog,Spayed Female,4 years,Labrador Retriever/Border Collie,Tricolor,Sporting,Tricolor
A572004,Raven,6/16/14 12:53,Stray,Injured,Dog,Spayed Female,4 years,Labrador Retriever/Border Collie,Tricolor,Sporting,Tricolor
A681512,*Jasper,6/17/14 16:34,Stray,Normal,Dog,Intact Male,1 year,Chihuahua Shorthair Mix,Tan,Toy,Medium
A678529,Big Boy,6/19/14 16:53,Stray,Normal,Dog,Neutered Male,3 months,Pit Bull Mix,Black/White,Pit Bull,Dark/Light
A681769,Pixie,6/20/14 11:06,Stray,Normal,Dog,Intact Female,6 years,American Pit Bull Terrier Mix,White,Terrier,Light
A628628,Nala,6/20/14 14:28,Euthanasia Request,Normal,Cat,Spayed Female,2 years,Domestic Shorthair Mix,Calico,Domestic Shorthair,Tricolor
A681890,Marilyn,6/21/14 14:12,Public Assist,Normal,Dog,Intact Female,5 years,West Highland,White,Terrier,Light
A681534,Rajah,6/23/14 16:51,Public Assist,Normal,Dog,Intact Male,1 year,Siberian Husky,Red/White,Working,Medium/Light
A682111,Daisy,6/24/14 13:05,Stray,Normal,Dog,Spayed Female,7 years,Border Collie Mix,Cream/White,Herding,Light
A682177,*Kuma,6/25/14 11:53,Stray,Normal,Cat,Spayed Female,3 years,Domestic Shorthair Mix,Brown Tabby/White,Domestic Shorthair,Medium/Light
A668183,Nacha,6/27/14 11:34,Public Assist,Normal,Dog,Spayed Female,10 months,Dachshund Mix,Black/White,Hound,Dark/Light
A668183,Nacha,6/27/14 11:34,Public Assist,Normal,Dog,Spayed Female,10 months,Dachshund Mix,Black/White,Hound,Dark/Light
A668184,Pecas,6/27/14 11:34,Public Assist,Normal,Dog,Spayed Female,2 years,Cardigan Welsh Corgi Mix,Black/White,Herding,Dark/Light
A668184,Pecas,6/27/14 11:34,Public Assist,Normal,Dog,Spayed Female,2 years,Cardigan Welsh Corgi Mix,Black/White,Herding,Dark/Light
A682590,Rex,6/30/14 11:06,Stray,Normal,Dog,Intact Male,4 months,Mastiff/Boxer,Tan/White,Working,Medium/Light
A682590,Rex,6/30/14 11:06,Stray,Normal,Dog,Intact Male,4 months,Mastiff/Boxer,Tan/White,Working,Medium/Light
A453083,Liz,7/5/14 7:13,Stray,Normal,Dog,Spayed Female,8 years,Border Collie Mix,Chocolate/White,Herding,Dark/Light
A683137,Batman,7/7/14 16:39,Stray,Normal,Cat,Intact Male,1 month,Domestic Shorthair Mix,Black,Domestic Shorthair,Dark
A537127,Fozzy Bear,7/8/14 17:35,Stray,Normal,Dog,Neutered Male,7 years,Miniature Poodle Mix,Chocolate,Non-Sporting,Dark
A537127,Fozzy Bear,7/8/14 17:35,Stray,Normal,Dog,Neutered Male,7 years,Miniature Poodle Mix,Chocolate,Non-Sporting,Dark
A683469,Dakota,7/10/14 15:14,Stray,Normal,Dog,Neutered Male,2 years,Border Collie Mix,Brown Brindle/White,Herding,Medium/Light
A683817,Marvin,7/15/14 16:11,Stray,Normal,Cat,Neutered Male,4 months,Domestic Shorthair Mix,Orange Tabby/White,Domestic Shorthair,Medium/Light
A683819,Rin,7/15/14 16:11,Stray,Normal,Cat,Neutered Male,4 months,Domestic Shorthair Mix,Brown Tabby/White,Domestic Shorthair,Medium/Light
A676571,Apple,7/16/14 11:57,Public Assist,Normal,Dog,Intact Female,2 years,German Shepherd Mix,Black/Brown,Herding,Dark/Medium
A684088,Pepe,7/19/14 11:37,Owner Surrender,Normal,Dog,Intact Male,7 years,Chihuahua Shorthair/Dachshund,Red,Toy,Medium
A684152,*Mick,7/20/14 11:00,Stray,Normal,Cat,Intact Female,1 month,Domestic Medium Hair Mix,Brown Tabby,Domestic Medium Hair,Medium/Light
A672216,Rambo,7/20/14 18:28,Stray,Normal,Dog,Intact Male,1 year,Doberman Pinsch,Black/Tan,Working,Dark/Medium
A672216,Rambo,7/20/14 18:28,Stray,Normal,Dog,Intact Male,1 year,Doberman Pinsch,Black/Tan,Working,Dark/Medium
A684412,Ben,7/23/14 12:00,Owner Surrender,Normal,Dog,Neutered Male,2 years,Catahoula Mix,Blue Merle,Herding,Light/Medium
A684412,Ben,7/23/14 12:00,Owner Surrender,Normal,Dog,Neutered Male,2 years,Catahoula Mix,Blue Merle,Herding,Light/Medium
A684460,Elsa,7/24/14 9:08,Stray,Normal,Cat,Intact Female,1 month,Domestic Shorthair Mix,Brown Tabby,Domestic Shorthair,Medium/Light
A684495,Prissy,7/24/14 15:23,Stray,Normal,Cat,Spayed Female,3 years,Domestic Longhair Mix,Calico,Domestic Longhair,Tricolor
A684538,Tui,7/25/14 11:15,Stray,Normal,Cat,Neutered Male,1 month,Domestic Shorthair Mix,Black Smoke,Domestic Shorthair,Dark
A684596,Silvy,7/25/14 18:10,Stray,Normal,Cat,Spayed Female,1 year,Domestic Shorthair Mix,Black,Domestic Shorthair,Dark
A684601,*Rocket,7/25/14 23:54,Stray,Normal,Dog,Intact Male,3 years,Pit Bull Mix,Brown,Pit Bull,Medium
A684811,Scout,7/29/14 7:24,Stray,Normal,Dog,Neutered Male,7 years,Labrador Retriever/Border Collie,Black/White,Sporting,Dark/Light
A685064,Ana,8/1/14 15:57,Owner Surrender,Normal,Cat,Intact Female,1 month,Domestic Shorthair Mix,Brown Tabby/White,Domestic Shorthair,Medium/Light
A684404,Winston,8/7/14 14:03,Owner Surrender,Normal,Dog,Neutered Male,4 years,Border Collie Mix,Tricolor,Herding,Tricolor
A685558,Dylan,8/9/14 11:56,Stray,Normal,Cat,Neutered Male,4 years,Domestic Shorthair Mix,Blue Tabby,Domestic Shorthair,Medium/Light
A590144,Pebbles,8/12/14 12:49,Stray,Normal,Dog,Spayed Female,8 years,Rottweiler,Black/Brown,Working,Dark/Medium
A593537,Chacha,8/12/14 15:40,Stray,Normal,Dog,Spayed Female,5 years,Labrador Retriever Mix,Black,Sporting,Dark
A593537,Chacha,8/12/14 15:40,Stray,Normal,Dog,Spayed Female,5 years,Labrador Retriever Mix,Black,Sporting,Dark
A613676,Hudson Hawk,8/15/14 13:34,Stray,Normal,Dog,Neutered Male,5 years,Beagle,White/Tan,Hound,Light/Medium
A686019,Smokie,8/15/14 23:24,Stray,Normal,Dog,Intact Male,1 year,Australian Cattle Dog/Border Collie,Blue/Black,Herding,Medium/Dark
A686152,Sandy,8/17/14 13:00,Owner Surrender,Normal,Dog,Spayed Female,8 years,Pit Bull Mix,Fawn/White,Pit Bull,Light
A686392,Nellie,8/21/14 12:20,Owner Surrender,Normal,Dog,Spayed Female,6 years,Chihuahua Shorthair Mix,Chocolate/White,Toy,Dark/Light
A668079,King,8/26/14 16:26,Public Assist,Normal,Dog,Neutered Male,7 years,Pit Bull/Labrador Retriever,Black/White,Pit Bull,Dark/Light
A686843,Stella,8/27/14 15:40,Stray,Normal,Dog,Intact Female,1 year,Pit Bull Mix,Brown/White,Pit Bull,Medium/Light
A656069,Roko,8/28/14 12:11,Public Assist,Normal,Dog,Neutered Male,1 year,Great Dane/Labrador Retriever,Black/White,Working,Dark/Light
A686984,*Cody,8/29/14 18:31,Stray,Normal,Dog,Intact Male,1 year,Pit Bull Mix,White/Tan,Pit Bull,Light/Medium
A687003,Chico,8/30/14 11:33,Stray,Normal,Dog,Intact Male,4 years,Chihuahua Longhair Mix,Cream,Toy,Light
A687043,Austin,8/30/14 13:57,Stray,Injured,Dog,Intact Male,5 months,Pit Bull Mix,White/Tan,Pit Bull,Light/Medium
A687043,Austin,9/5/14 10:42,Public Assist,Normal,Dog,Neutered Male,6 months,Pit Bull Mix,White/Tan,Pit Bull,Light/Medium
A687506,Zoey,9/5/14 15:06,Public Assist,Normal,Dog,Intact Female,1 year,Chihuahua Shorthair Mix,White,Toy,Light
A687505,Lucky,9/5/14 15:06,Public Assist,Normal,Dog,Intact Female,2 years,Chihuahua Shorthair Mix,Black,Toy,Dark
A684088,Pepe,9/6/14 11:25,Owner Surrender,Normal,Dog,Neutered Male,7 years,Chihuahua Shorthair/Dachshund,Red,Toy,Medium
A687564,Willie B,9/6/14 14:21,Stray,Normal,Dog,Neutered Male,5 years,Catahoula Mix,Tricolor,Herding,Tricolor
A687741,Kazy,9/9/14 14:20,Stray,Normal,Dog,Intact Female,1 month,Plott Hound/Blue Lacy,Brown Brindle,Hound,Medium
A593537,Chacha,9/11/14 16:56,Stray,Normal,Dog,Spayed Female,5 years,Labrador Retriever Mix,Black,Sporting,Dark
A593537,Chacha,9/11/14 16:56,Stray,Normal,Dog,Spayed Female,5 years,Labrador Retriever Mix,Black,Sporting,Dark
A687987,Koda,9/12/14 16:30,Stray,Normal,Dog,Spayed Female,4 years,Pit Bull Mix,Brown/White,Pit Bull,Medium/Light
A651305,Roxie,9/19/14 11:30,Stray,Normal,Dog,Spayed Female,3 years,Rottweiler,Black/Tan,Working,Dark/Medium
A648685,Hog,9/21/14 10:23,Stray,Normal,Dog,Neutered Male,3 years,Pit Bull Mix,Brown Brindle/White,Pit Bull,Medium/Light
A688584,Preston,9/21/14 10:37,Stray,Normal,Dog,Intact Male,6 months,Great Pyrenees Mix,White/Cream,Working,Light
A677626,Peppa,9/24/14 11:19,Owner Surrender,Normal,Cat,Spayed Female,6 months,Domestic Shorthair Mix,Black,Domestic Shorthair,Dark
A676235,Lily,9/24/14 13:38,Stray,Normal,Dog,Spayed Female,8 months,Boxer Mix,Black/White,Working,Dark/Light
A688837,*Sterling,9/24/14 18:46,Stray,Normal,Dog,Neutered Male,1 year,Chihuahua Shorthair Mix,Tan/White,Toy,Medium/Light
A688935,*Ross,9/26/14 14:44,Stray,Normal,Dog,Intact Male,2 years,Pit Bull Mix,Brown Brindle,Pit Bull,Medium
A681769,Pixie,9/26/14 15:19,Owner Surrender,Normal,Dog,Spayed Female,6 years,American Pit Bull Terrier Mix,White,Terrier,Light
A615725,Cookie,9/27/14 11:58,Stray,Normal,Dog,Spayed Female,3 years,Pit Bull Mix,White,Pit Bull,Light
A613676,Hudson Hawk,9/27/14 16:15,Stray,Normal,Dog,Neutered Male,5 years,Beagle,White/Tan,Hound,Light/Medium
A623561,Marley,9/29/14 18:49,Public Assist,Normal,Dog,Neutered Male,5 years,Pit Bull Mix,Blue/White,Pit Bull,Medium/Light
A689187,Lovely,9/30/14 12:53,Owner Surrender,Normal,Dog,Spayed Female,12 years,German Shepherd Mix,Brown,Herding,Medium
A689241,Lady,10/1/14 10:05,Stray,Normal,Dog,Spayed Female,2 years,Labrador Retriever/Basset Hound,Black/White,Hound,Dark/Light
A689515,*Judy,10/5/14 12:15,Stray,Normal,Dog,Intact Female,2 years,Pit Bull Mix,Tan/White,Pit Bull,Medium/Light
A689762,Sandi,10/9/14 12:06,Stray,Normal,Dog,Spayed Female,4 years,Labrador Retriever Mix,Tan,Sporting,Medium
A689763,Levi,10/9/14 12:06,Stray,Normal,Dog,Neutered Male,4 years,Labrador Retriever Mix,Tan,Sporting,Medium
A689761,Skye,10/9/14 12:14,Stray,Normal,Dog,Intact Female,5 years,Labrador Retriever Mix,Buff,Sporting,Light
A689819,*Mars,10/10/14 0:38,Stray,Normal,Dog,Intact Male,2 years,Rottweiler,Black/Brown,Working,Dark/Medium
A690107,Bentley,10/14/14 16:10,Public Assist,Normal,Dog,Intact Male,2 years,Miniature Schnauzer Mix,Gray/Black,Terrier,Medium/Dark
A690318,Trudy,10/18/14 12:18,Owner Surrender,Normal,Cat,Spayed Female,9 years,Domestic Shorthair Mix,Black,Domestic Shorthair,Dark
A690214,Honey,10/21/14 14:00,Owner Surrender,Normal,Dog,Intact Female,2 years,Australian Cattle Dog Mix,Tan,Herding,Medium
A690484,Julep,10/21/14 14:01,Stray,Normal,Dog,Spayed Female,2 years,Cardigan Welsh Corgi Mix,Brown Merle/White,Herding,Light/Medium
A690531,Dolce,10/22/14 11:01,Stray,Normal,Cat,Intact Male,1 month,Domestic Shorthair Mix,Cream Tabby,Domestic Shorthair,Light/Medium
A690533,Armani,10/22/14 11:01,Stray,Normal,Cat,Intact Male,1 month,Domestic Shorthair Mix,Cream Tabby/White,Domestic Shorthair,Light/Medium
A679096,Copper,10/23/14 15:36,Owner Surrender,Normal,Dog,Neutered Male,7 years,Miniature Pinscher Mix,Red,Toy,Medium
A690766,*Tazi,10/25/14 14:57,Stray,Normal,Dog,Intact Male,2 years,Saluki,Tan,Hound,Medium
A690822,*Geronimo,10/26/14 16:15,Owner Surrender,Normal,Cat,Neutered Male,5 years,Domestic Medium Hair Mix,Orange Tabby/White,Domestic Medium Hair,Medium/Light
A691126,Max,10/30/14 13:36,Public Assist,Normal,Dog,Neutered Male,9 years,Maltese/Miniature Poodle,White,Toy,Light
A691261,*Kai,11/1/14 17:58,Stray,Normal,Dog,Intact Male,6 months,Pit Bull Mix,Brown Brindle,Pit Bull,Medium
A691453,Toby,11/4/14 17:50,Stray,Normal,Dog,Neutered Male,5 years,Pit Bull Mix,Black Brindle/White,Pit Bull,Tricolor
A691478,Dusty,11/5/14 11:40,Owner Surrender,Normal,Cat,Spayed Female,7 years,Chartreux Mix,Blue,Exotic,Medium
A691541,Chickla,11/6/14 11:04,Public Assist,Normal,Dog,Intact Female,1 year,Pit Bull Mix,Fawn,Pit Bull,Light
A691584,Luke,11/6/14 18:49,Public Assist,Normal,Dog,Neutered Male,2 years,Labrador Retriever Mix,Tan/White,Sporting,Medium/Light
A691732,Copper,11/8/14 14:50,Stray,Normal,Dog,Intact Male,2 years,Catahoula Mix,Tan/White,Herding,Medium/Light
A691736,Sylvester,11/8/14 15:19,Stray,Normal,Cat,Neutered Male,1 year,Domestic Longhair Mix,Brown Tabby,Domestic Longhair,Medium/Light
A671426,Big Red,11/8/14 16:45,Owner Surrender,Normal,Dog,Neutered Male,2 years,American Staffordshire Terrier/Labrador Retriever,Tan/White,Terrier,Medium/Light
A671425,Luna,11/8/14 16:45,Owner Surrender,Normal,Dog,Spayed Female,4 years,Redbone Hound Mix,Red/White,Hound,Medium/Light
A671425,Luna,11/8/14 16:45,Owner Surrender,Normal,Dog,Spayed Female,4 years,Redbone Hound Mix,Red/White,Hound,Medium/Light
A670612,Sheila,11/8/14 18:10,Stray,Normal,Dog,Intact Female,3 years,Beagle,Brown/White,Hound,Medium/Light
A690638,Autumn,11/9/14 13:54,Owner Surrender,Normal,Dog,Intact Female,3 years,Pointer/Harrier,Chocolate/White,Sporting,Dark/Light
A691899,Oreo,11/11/14 16:08,Stray,Normal,Dog,Neutered Male,4 years,Australian Cattle Dog Mix,White/Black,Herding,Light/Dark
A691995,Adara,11/13/14 13:09,Stray,Normal,Dog,Intact Female,1 year,Labrador Retriever,Black,Sporting,Dark
A692008,Leslie,11/13/14 14:41,Owner Surrender,Normal,Dog,Spayed Female,1 year,Labrador Retriever Mix,Black,Sporting,Dark
A692033,Brick,11/13/14 15:46,Stray,Normal,Dog,Intact Male,2 years,Bull Terrier Mix,White/Tan,Terrier,Light/Medium
A692104,Roxy,11/14/14 15:38,Stray,Normal,Dog,Intact Female,2 years,Staffordshire Mix,White/Tan,Terrier,Light/Medium
A692104,Roxy,11/14/14 15:38,Stray,Normal,Dog,Intact Female,2 years,Staffordshire Mix,White/Tan,Terrier,Light/Medium
A692221,Rocky,11/16/14 20:20,Stray,Normal,Dog,Intact Male,1 year,Labrador Retriever/Pit Bull,Black/White,Sporting,Dark/Light
A692221,Rocky,11/16/14 20:20,Stray,Normal,Dog,Intact Male,1 year,Labrador Retriever/Pit Bull,Black/White,Sporting,Dark/Light
A692221,Rocky,11/16/14 20:20,Stray,Normal,Dog,Intact Male,1 year,Labrador Retriever/Pit Bull,Black/White,Sporting,Dark/Light
A644301,Cloy,11/17/14 11:04,Stray,Normal,Dog,Neutered Male,6 years,Chihuahua Shorthair Mix,Black,Toy,Dark
A692327,Allie,11/18/14 16:15,Stray,Normal,Dog,Intact Female,1 month,Labrador Retriever Mix,Tan/White,Sporting,Medium/Light
A692327,Allie,11/18/14 16:15,Stray,Normal,Dog,Intact Female,1 month,Labrador Retriever Mix,Tan/White,Sporting,Medium/Light
A692478,Teddy,11/21/14 11:56,Stray,Normal,Dog,Intact Male,2 years,Pit Bull Mix,Fawn,Pit Bull,Light
A692456,Daisy,11/21/14 13:39,Stray,Normal,Dog,Intact Female,4 months,Pointer Mix,White/Black,Sporting,Light/Dark
A689187,Lovely,11/22/14 11:51,Owner Surrender,Normal,Dog,Spayed Female,12 years,German Shepherd Mix,Brown,Herding,Medium
A691893,Chloe,11/25/14 15:46,Owner Surrender,Normal,Cat,Spayed Female,10 years,Domestic Shorthair Mix,Orange Tabby/White,Domestic Shorthair,Medium/Light
A692936,*Bebe,11/30/14 11:39,Stray,Normal,Dog,Spayed Female,8 years,Chihuahua Shorthair Mix,Black/White,Toy,Dark/Light
A693036,Chuy,11/30/14 17:36,Stray,Normal,Dog,Intact Male,10 months,German Shepherd,Sable,Herding,Medium/Dark
A681769,Pixie,12/1/14 13:54,Owner Surrender,Normal,Dog,Spayed Female,6 years,American Pit Bull Terrier Mix,White,Terrier,Light
A693088,Cindy,12/1/14 16:59,Stray,Normal,Dog,Intact Female,1 month,Chihuahua Shorthair Mix,Tan,Toy,Medium
A666362,Peebee,12/3/14 11:28,Stray,Normal,Dog,Neutered Male,4 years,Toy Fox Terrier Mix,Brown/White,Terrier,Medium/Light
A693165,*Fern,12/3/14 12:00,Stray,Aged,Dog,Spayed Female,12 years,Jack Russell Terrier Mix,White/Brown,Terrier,Light/Medium
A462580,Chico,12/4/14 10:11,Stray,Normal,Dog,Neutered Male,10 years,Pit Bull,Brown Brindle/White,Pit Bull,Medium/Light
A588601,Jackie,12/4/14 18:20,Stray,Normal,Dog,Spayed Female,6 years,Australian Cattle Dog Mix,Blue Merle/White,Herding,Light/Medium
A588601,Jackie,12/4/14 18:20,Stray,Normal,Dog,Spayed Female,6 years,Australian Cattle Dog Mix,Blue Merle/White,Herding,Light/Medium
A693282,Sampson,12/5/14 11:23,Stray,Normal,Dog,Intact Male,2 years,Staffordshire Mix,Chocolate,Terrier,Dark
A693283,Maximus,12/5/14 11:23,Stray,Normal,Dog,Intact Male,2 years,Pit Bull Mix,Tan,Pit Bull,Medium
A693320,Asuna,12/5/14 16:03,Owner Surrender,Normal,Cat,Spayed Female,6 years,Domestic Shorthair Mix,Black,Domestic Shorthair,Dark
A693388,Cowboy,12/7/14 9:45,Public Assist,Normal,Dog,Neutered Male,7 years,Parson Russell Terrier/Beagle,White/Brown,Terrier,Light/Medium
A684404,Winston,12/8/14 17:26,Owner Surrender,Normal,Dog,Neutered Male,4 years,Border Collie Mix,Tricolor,Herding,Tricolor
A693619,Lolly,12/11/14 16:30,Stray,Normal,Cat,Intact Female,1 month,Domestic Medium Hair Mix,Black/White,Domestic Medium Hair,Dark/Light
A693693,Lucky,12/13/14 10:57,Stray,Normal,Dog,Neutered Male,3 years,Pit Bull Mix,Fawn/White,Pit Bull,Light
A693721,*Pita,12/13/14 13:22,Stray,Sick,Cat,Intact Female,8 years,Domestic Shorthair Mix,Brown Tabby/White,Domestic Shorthair,Medium/Light
A691732,Copper,12/13/14 15:00,Public Assist,Normal,Dog,Neutered Male,2 years,Catahoula Mix,Tan/White,Herding,Medium/Light
A693840,Angel,12/15/14 15:28,Stray,Normal,Dog,Intact Female,2 months,Pit Bull Mix,Fawn/White,Pit Bull,Light
A693885,Rufio,12/16/14 13:00,Stray,Normal,Dog,Neutered Male,1 year,Boxer Mix,Brown Brindle/White,Working,Medium/Light
A687043,Austin,12/17/14 7:46,Stray,Sick,Dog,Neutered Male,9 months,Pit Bull Mix,White/Tan,Pit Bull,Light/Medium
A693938,King,12/17/14 11:00,Owner Surrender,Normal,Dog,Intact Male,1 month,Beagle Mix,Tan/White,Hound,Medium/Light
A658920,Scotty,12/17/14 11:14,Stray,Normal,Dog,Neutered Male,7 years,Miniature Poodle Mix,White,Non-Sporting,Light
A462580,Chico,12/17/14 23:36,Public Assist,Normal,Dog,Neutered Male,10 years,Pit Bull,Brown Brindle/White,Pit Bull,Medium/Light
A693985,Max,12/18/14 11:54,Stray,Normal,Dog,Intact Male,1 year,Basenji/Jack Russell Terrier,White/Brown,Terrier,Light/Medium
A693989,Lobo,12/18/14 12:30,Stray,Normal,Dog,Intact Male,3 years,Labrador Retriever/German Shepherd,Cream,Herding,Light
A693989,Lobo,12/18/14 12:30,Stray,Normal,Dog,Intact Male,3 years,Labrador Retriever/German Shepherd,Cream,Herding,Light
A693991,Oso,12/18/14 12:30,Stray,Normal,Dog,Intact Male,3 years,Labrador Retriever/German Shepherd,Tan,Herding,Medium
A693991,Oso,12/18/14 12:30,Stray,Normal,Dog,Intact Male,3 years,Labrador Retriever/German Shepherd,Tan,Herding,Medium
A613676,Hudson Hawk,12/19/14 17:22,Stray,Normal,Dog,Neutered Male,6 years,Beagle,White/Tan,Hound,Light/Medium
A694301,Legend,12/24/14 16:43,Stray,Normal,Dog,Neutered Male,4 months,Pit Bull/Alaskan Husky,Tricolor,Pit Bull,Tricolor
A694347,Max,12/26/14 14:54,Stray,Normal,Dog,Intact Male,2 months,Black Mouth Cur Mix,Tan/Black,Herding,Medium/Dark
A694377,Josephine,12/27/14 9:12,Stray,Normal,Dog,Spayed Female,8 years,Labrador Retriever Mix,Black/White,Sporting,Dark/Light
A694377,Josephine,12/27/14 9:12,Stray,Normal,Dog,Spayed Female,8 years,Labrador Retriever Mix,Black/White,Sporting,Dark/Light
A683469,Dakota,12/28/14 11:46,Owner Surrender,Normal,Dog,Neutered Male,2 years,Border Collie Mix,Brown Brindle/White,Herding,Medium/Light
A694427,Frida,12/28/14 12:46,Stray,Normal,Dog,Intact Female,1 year,Staffordshire Mix,Blue/White,Terrier,Medium/Light
A694501,Penelope,12/29/14 14:27,Stray,Normal,Dog,Intact Female,5 months,Labrador Retriever Mix,Black/White,Sporting,Dark/Light
A694501,Penelope,12/29/14 14:27,Stray,Normal,Dog,Intact Female,5 months,Labrador Retriever Mix,Black/White,Sporting,Dark/Light
A694501,Penelope,12/29/14 14:27,Stray,Normal,Dog,Intact Female,5 months,Labrador Retriever Mix,Black/White,Sporting,Dark/Light
A694501,Penelope,12/29/14 14:27,Stray,Normal,Dog,Intact Female,5 months,Labrador Retriever Mix,Black/White,Sporting,Dark/Light
A694611,Roscoe,12/31/14 15:34,Stray,Normal,Dog,Intact Male,2 years,Pit Bull Mix,White/Blue,Pit Bull,Light/Medium
A680865,Rex,1/5/15 12:23,Stray,Normal,Dog,Neutered Male,8 months,Siberian Husky Mix,White/Red,Working,Light/Medium
A692104,Roxy,1/8/15 11:25,Owner Surrender,Normal,Dog,Intact Female,2 years,Staffordshire Mix,White/Tan,Terrier,Light/Medium
A692104,Roxy,1/8/15 11:25,Owner Surrender,Normal,Dog,Intact Female,2 years,Staffordshire Mix,White/Tan,Terrier,Light/Medium
A695073,*Tuna,1/8/15 14:45,Stray,Normal,Cat,Intact Female,1 year,Domestic Shorthair Mix,Black,Domestic Shorthair,Dark
A695165,Logan,1/10/15 12:29,Stray,Normal,Cat,Intact Male,2 months,Domestic Shorthair Mix,Brown Tabby,Domestic Shorthair,Medium/Light
A695270,Luna,1/12/15 14:47,Owner Surrender,Normal,Dog,Intact Female,1 year,American Bulldog Mix,White/Brown Brindle,Non-Sporting,Light/Medium
A694329,Jackson,1/12/15 18:55,Stray,Normal,Dog,Intact Male,1 year,Catahoula Mix,Black/White,Herding,Dark/Light
A694329,Jackson,1/12/15 18:55,Stray,Normal,Dog,Intact Male,1 year,Catahoula Mix,Black/White,Herding,Dark/Light
A646776,Hercules,1/15/15 13:59,Public Assist,Normal,Dog,Intact Male,2 years,German Shepherd,Black/Tan,Herding,Dark/Medium
A673466,*Guinness,1/15/15 17:03,Public Assist,Normal,Dog,Neutered Male,3 years,Catahoula/Chinese Sharpei,Brown Merle,Herding,Light/Medium
A695479,Hera,1/16/15 13:24,Owner Surrender,Normal,Dog,Intact Female,2 months,Labrador Retriever Mix,Brown/White,Sporting,Medium/Light
A695530,Padme,1/17/15 14:32,Stray,Normal,Dog,Intact Female,4 months,Labrador Retriever/German Shepherd,Brown,Herding,Medium
A695647,Thunder,1/19/15 19:38,Stray,Normal,Dog,Intact Male,1 year,Pit Bull Mix,Blue/White,Pit Bull,Medium/Light
A695679,Rolo,1/20/15 13:10,Stray,Normal,Dog,Intact Male,2 years,Chihuahua Longhair/Dachshund,Red,Toy,Medium
A593109,Sydney,1/24/15 15:03,Stray,Normal,Dog,Spayed Female,5 years,Pit Bull Mix,White/Black,Pit Bull,Light/Dark
A593109,Sydney,1/24/15 15:03,Stray,Normal,Dog,Spayed Female,5 years,Pit Bull Mix,White/Black,Pit Bull,Light/Dark
A695857,Cherry,1/24/15 15:03,Stray,Normal,Dog,Intact Female,1 year,Labrador Retriever Mix,Black,Sporting,Dark
A695857,Cherry,1/24/15 15:03,Stray,Normal,Dog,Intact Female,1 year,Labrador Retriever Mix,Black,Sporting,Dark
A695882,*Sonora,1/24/15 18:05,Stray,Normal,Dog,Intact Female,3 years,Labrador Retriever Mix,White,Sporting,Light
A691732,Copper,1/26/15 13:21,Owner Surrender,Normal,Dog,Neutered Male,2 years,Catahoula Mix,Tan/White,Herding,Medium/Light
A695970,Koda,1/26/15 14:02,Owner Surrender,Normal,Dog,Neutered Male,3 years,Boxer Mix,Brown Brindle/White,Working,Medium/Light
A695988,*Vinnie,1/27/15 10:55,Stray,Normal,Dog,Intact Male,2 years,Pit Bull Mix,Tan/White,Pit Bull,Medium/Light
A696047,White,1/28/15 11:01,Stray,Normal,Dog,Intact Female,1 month,Collie Smooth Mix,White/Brown,Herding,Light/Medium
A696047,White,1/28/15 11:01,Stray,Normal,Dog,Intact Female,1 month,Collie Smooth Mix,White/Brown,Herding,Light/Medium
A676035,Sasha,1/29/15 7:18,Stray,Injured,Dog,Spayed Female,2 years,Pit Bull Mix,Brown/White,Pit Bull,Medium/Light
A647338,Pinocchio,1/30/15 11:02,Public Assist,Normal,Dog,Neutered Male,2 years,Pit Bull Mix,White/Red,Pit Bull,Light/Medium
A696155,Brurdaoex,1/30/15 13:26,Stray,Injured,Dog,Intact Male,2 years,Pit Bull Mix,Red,Pit Bull,Medium
A696174,Clancy,1/30/15 16:08,Owner Surrender,Normal,Cat,Intact Male,1 year,Domestic Shorthair,Brown Tabby,Domestic Shorthair,Medium/Light
A696247,*Jillian,2/1/15 12:15,Stray,Normal,Dog,Spayed Female,2 years,Pointer Mix,Chocolate/White,Sporting,Dark/Light
A696268,Duncan,2/1/15 15:37,Stray,Normal,Dog,Intact Male,2 years,American Bulldog Mix,White/Red,Non-Sporting,Light/Medium
A694501,Penelope,2/2/15 12:47,Stray,Normal,Dog,Spayed Female,7 months,Labrador Retriever Mix,Black/White,Sporting,Dark/Light
A694501,Penelope,2/2/15 12:47,Stray,Normal,Dog,Spayed Female,7 months,Labrador Retriever Mix,Black/White,Sporting,Dark/Light
A694501,Penelope,2/2/15 12:47,Stray,Normal,Dog,Spayed Female,7 months,Labrador Retriever Mix,Black/White,Sporting,Dark/Light
A694501,Penelope,2/2/15 12:47,Stray,Normal,Dog,Spayed Female,7 months,Labrador Retriever Mix,Black/White,Sporting,Dark/Light
A696324,*Bonnie,2/2/15 17:59,Stray,Normal,Dog,Spayed Female,3 years,Pit Bull Mix,Blue/White,Pit Bull,Medium/Light
A696345,Elsa,2/3/15 11:19,Stray,Normal,Dog,Intact Female,2 months,Pointer Mix,White/Black,Sporting,Light/Dark
A696350,Minnie,2/3/15 11:52,Stray,Normal,Dog,Intact Female,2 months,Pit Bull,Brown Brindle,Pit Bull,Medium
A696370,*John,2/3/15 14:17,Owner Surrender,Normal,Cat,Neutered Male,10 months,Domestic Medium Hair Mix,Orange Tabby/White,Domestic Medium Hair,Medium/Light
A696393,Princess,2/4/15 11:47,Owner Surrender,Normal,Dog,Spayed Female,10 years,German Shepherd,Brown,Herding,Medium
A502862,Checkers,2/4/15 18:36,Public Assist,Normal,Dog,Neutered Male,7 years,Labrador Retriever/Golden Retriever,Brown,Sporting,Medium
A696524,Bertrand,2/6/15 16:14,Stray,Normal,Dog,Intact Male,11 months,Beauceron Mix,Black/Brown,Herding,Dark/Medium
A694501,Penelope,2/7/15 13:53,Stray,Normal,Dog,Spayed Female,7 months,Labrador Retriever Mix,Black/White,Sporting,Dark/Light
A694501,Penelope,2/7/15 13:53,Stray,Normal,Dog,Spayed Female,7 months,Labrador Retriever Mix,Black/White,Sporting,Dark/Light
A694501,Penelope,2/7/15 13:53,Stray,Normal,Dog,Spayed Female,7 months,Labrador Retriever Mix,Black/White,Sporting,Dark/Light
A694501,Penelope,2/7/15 13:53,Stray,Normal,Dog,Spayed Female,7 months,Labrador Retriever Mix,Black/White,Sporting,Dark/Light
A696582,Kilo,2/7/15 16:07,Stray,Normal,Dog,Intact Male,2 years,Pit Bull Mix,Brown/White,Pit Bull,Medium/Light
A696594,Riggins,2/7/15 18:16,Stray,Normal,Dog,Intact Female,3 months,Labrador Retriever Mix,Brown/White,Sporting,Medium/Light
A696594,Riggins,2/7/15 18:16,Stray,Normal,Dog,Intact Female,3 months,Labrador Retriever Mix,Brown/White,Sporting,Medium/Light
A664702,Harley,2/9/15 13:37,Public Assist,Normal,Dog,Neutered Male,5 years,Pit Bull Mix,White,Pit Bull,Light
A696665,*Flintstone,2/9/15 17:12,Stray,Normal,Dog,Intact Male,1 year,Flat Coat Retriever Mix,Black,Sporting,Dark
A696688,Mari,2/10/15 11:00,Owner Surrender,Normal,Cat,Spayed Female,3 years,Domestic Shorthair Mix,Calico/White,Domestic Shorthair,Tricolor
A696702,*Sammy,2/10/15 12:20,Stray,Normal,Dog,Intact Male,1 year,Labrador Retriever Mix,Black,Sporting,Dark
A696718,Myrtle,2/10/15 13:54,Owner Surrender,Normal,Dog,Spayed Female,1 year,Pit Bull Mix,Tan,Pit Bull,Medium
A696716,Biggie,2/10/15 14:04,Stray,Normal,Cat,Neutered Male,13 years,Domestic Shorthair Mix,Black,Domestic Shorthair,Dark
A696746,Nibbler,2/11/15 12:43,Owner Surrender,Normal,Cat,Spayed Female,12 years,Domestic Shorthair Mix,Black/White,Domestic Shorthair,Dark/Light
A696755,April,2/11/15 15:29,Stray,Normal,Dog,Intact Female,10 months,Pit Bull Mix,Yellow Brindle/White,Pit Bull,Light/Medium
A692033,Brick,2/12/15 13:03,Stray,Normal,Dog,Intact Male,2 years,Bull Terrier Mix,White/Tan,Terrier,Light/Medium
A694611,Roscoe,2/13/15 7:04,Stray,Normal,Dog,Neutered Male,2 years,Pit Bull Mix,White/Blue,Pit Bull,Light/Medium
A696833,*Joey,2/13/15 11:10,Stray,Normal,Dog,Neutered Male,4 years,Staffordshire/Boston Terrier,Brown/White,Terrier,Medium/Light
A696868,Zues,2/13/15 16:00,Stray,Normal,Dog,Neutered Male,1 year,Doberman Pinsch Mix,Black/Red,Working,Dark/Medium
A696939,*Buddy,2/14/15 18:04,Stray,Injured,Dog,Intact Male,5 years,English Coonhound Mix,White/Tan,Hound,Light/Medium
A651305,Roxie,2/14/15 18:15,Stray,Normal,Dog,Spayed Female,3 years,Rottweiler,Black/Tan,Working,Dark/Medium
A696942,*Penny,2/15/15 9:16,Stray,Injured,Cat,Spayed Female,10 years,Domestic Longhair Mix,Black/White,Domestic Longhair,Dark/Light
A696966,*Farrah,2/15/15 14:14,Stray,Injured,Dog,Intact Female,2 years,English Coonhound Mix,Red/White,Hound,Medium/Light
A696970,Rowdy,2/15/15 14:38,Stray,Normal,Dog,Intact Male,1 year,Chihuahua Shorthair Mix,Tan/Black,Toy,Medium/Dark
A696975,Polly,2/15/15 16:07,Owner Surrender,Normal,Dog,Spayed Female,8 years,Miniature Schnauzer/Miniature Poodle,Gray,Terrier,Medium
A697076,*Kewpie,2/17/15 15:19,Stray,Normal,Cat,Neutered Male,6 years,Domestic Shorthair Mix,Black/White,Domestic Shorthair,Dark/Light
A693388,Cowboy,2/19/15 16:59,Stray,Normal,Dog,Neutered Male,8 years,Parson Russell Terrier/Beagle,White/Brown,Terrier,Light/Medium
A697253,Hazel,2/20/15 14:11,Stray,Normal,Dog,Intact Female,2 months,Black Mouth Cur Mix,Tan/Black,Herding,Medium/Dark
A697255,*Cammy,2/20/15 14:17,Stray,Normal,Cat,Spayed Female,2 years,Domestic Shorthair Mix,Black/White,Domestic Shorthair,Dark/Light
A644301,Cloy,2/23/15 11:49,Stray,Normal,Dog,Neutered Male,7 years,Chihuahua Shorthair Mix,Black,Toy,Dark
A697428,*Jordy,2/23/15 16:55,Public Assist,Injured,Dog,Intact Male,1 year,Pit Bull Mix,Black/White,Pit Bull,Dark/Light
A543377,Tasha,2/24/15 12:54,Owner Surrender,Normal,Cat,Spayed Female,5 years,Domestic Shorthair,Calico,Domestic Shorthair,Tricolor
A696524,Bertrand,2/24/15 18:14,Owner Surrender,Normal,Dog,Neutered Male,1 year,Beauceron Mix,Black/Brown,Herding,Dark/Medium
A697537,*Annie,2/25/15 11:43,Public Assist,Other,Dog,Intact Female,2 years,Pit Bull Mix,Black/White,Pit Bull,Dark/Light
A647338,Pinocchio,2/26/15 9:32,Stray,Normal,Dog,Neutered Male,2 years,Pit Bull Mix,White/Red,Pit Bull,Light/Medium
A692797,Suzze,2/26/15 12:59,Stray,Normal,Dog,Spayed Female,4 years,Miniature Poodle Mix,White,Non-Sporting,Light
A692797,Suzze,2/26/15 12:59,Stray,Normal,Dog,Spayed Female,4 years,Miniature Poodle Mix,White,Non-Sporting,Light
A691000,Puchungas,2/26/15 12:59,Stray,Normal,Dog,Intact Female,7 years,Miniature Schnauzer Mix,Gray/Silver,Terrier,Medium
A697713,Rambo,2/27/15 9:42,Stray,Normal,Dog,Intact Male,1 year,Labrador Retriever/Black Mouth Cur,Tan/White,Sporting,Medium/Light
A697740,*Gunthor,2/27/15 14:55,Owner Surrender,Normal,Dog,Neutered Male,5 years,Pit Bull Mix,White/Tan,Pit Bull,Light/Medium
A695188,Spot,2/27/15 15:51,Owner Surrender,Normal,Dog,Neutered Male,5 months,Australian Cattle Dog/Labrador Retriever,Black/White,Herding,Dark/Light
A697762,Socks,2/27/15 18:43,Stray,Normal,Dog,Intact Female,1 year,Boxer Mix,Tan,Working,Medium
A697762,Socks,2/27/15 18:43,Stray,Normal,Dog,Intact Female,1 year,Boxer Mix,Tan,Working,Medium
A650409,Cricket,2/28/15 11:36,Stray,Normal,Dog,Spayed Female,2 years,Australian Kelpie/Pit Bull,Black,Working,Dark
A593537,Chacha,3/1/15 10:41,Stray,Normal,Dog,Spayed Female,6 years,Labrador Retriever Mix,Black,Sporting,Dark
A593537,Chacha,3/1/15 10:41,Stray,Normal,Dog,Spayed Female,6 years,Labrador Retriever Mix,Black,Sporting,Dark
A628456,Tasha,3/1/15 15:46,Owner Surrender,Normal,Dog,Spayed Female,4 years,American Staffordshire Terrier Mix,Tan/White,Terrier,Medium/Light
A697851,Maxy,3/2/15 13:34,Owner Surrender,Normal,Dog,Spayed Female,10 years,German Shepherd/Labrador Retriever,Tan/Black,Herding,Medium/Dark
A697854,Monty,3/2/15 13:34,Owner Surrender,Normal,Dog,Neutered Male,9 years,Beauceron Mix,Black/Tan,Herding,Dark/Medium
A631804,Root Beer,3/2/15 14:44,Stray,Normal,Dog,Spayed Female,5 years,German Shepherd Mix,Tan,Herding,Medium
A697910,Boris,3/3/15 14:03,Owner Surrender,Normal,Cat,Neutered Male,2 years,Domestic Medium Hair Mix,Orange Tabby/White,Domestic Medium Hair,Medium/Light
A697976,*Allie,3/4/15 12:17,Stray,Normal,Dog,Intact Female,2 years,Miniature Pinscher Mix,Black/Tan,Toy,Dark/Medium
A697974,Sugar Mama,3/4/15 13:06,Owner Surrender,Normal,Dog,Intact Female,1 year,Chihuahua Shorthair Mix,Brown/White,Toy,Medium/Light
A627862,Blanca,3/4/15 13:36,Stray,Normal,Dog,Spayed Female,4 years,Chihuahua Shorthair Mix,White/Brown,Toy,Light/Medium
A322813,Tyson,3/5/15 14:49,Public Assist,Normal,Dog,Neutered Male,11 years,Rottweiler Mix,Black/Brown,Working,Dark/Medium
A698072,Ace,3/5/15 15:54,Stray,Normal,Dog,Intact Male,2 months,Labrador Retriever Mix,Black/White,Sporting,Dark/Light
A672136,Chica,3/5/15 17:11,Stray,Normal,Dog,Spayed Female,1 year,Pit Bull/Boxer,Red/White,Pit Bull,Medium/Light
A673530,Cece,3/6/15 1:02,Stray,Normal,Dog,Intact Female,4 years,Chihuahua Shorthair Mix,Tan/Tan,Toy,Medium
A698141,Max,3/6/15 13:36,Stray,Normal,Dog,Intact Male,1 year,Plott Hound Mix,Brown Brindle,Hound,Medium
A696755,April,3/6/15 16:16,Owner Surrender,Injured,Dog,Spayed Female,10 months,Pit Bull Mix,Yellow Brindle/White,Pit Bull,Light/Medium
A698222,*Moonpie,3/7/15 14:51,Stray,Normal,Dog,Spayed Female,5 years,Labrador Retriever Mix,Brown,Sporting,Medium
A652101,Stella,3/7/15 14:59,Stray,Normal,Dog,Spayed Female,3 years,Pit Bull/Chow Chow,Tan/White,Pit Bull,Medium/Light
A695189,Gunner,3/7/15 16:36,Owner Surrender,Normal,Dog,Neutered Male,5 months,Border Collie/German Shepherd,Black/White,Herding,Dark/Light
A695189,Gunner,3/7/15 16:36,Owner Surrender,Normal,Dog,Neutered Male,5 months,Border Collie/German Shepherd,Black/White,Herding,Dark/Light
A696970,Rowdy,3/8/15 18:41,Public Assist,Normal,Dog,Neutered Male,1 year,Chihuahua Shorthair Mix,Tan/Black,Toy,Medium/Dark
A698351,Amy,3/10/15 13:57,Owner Surrender,Normal,Cat,Spayed Female,4 years,Domestic Shorthair Mix,Brown Tabby,Domestic Shorthair,Medium/Light
A698366,Lola,3/10/15 15:49,Stray,Normal,Dog,Intact Female,7 years,Basset Hound,White/Brown,Hound,Light/Medium
A698367,Dragon,3/10/15 15:49,Stray,Normal,Dog,Intact Male,7 years,Basset Hound,White/Tricolor,Hound,Tricolor
A663819,Zeus,3/10/15 15:55,Stray,Normal,Dog,Neutered Male,2 years,Pit Bull Mix,Black/White,Pit Bull,Dark/Light
A698372,Coco,3/10/15 16:41,Stray,Normal,Dog,Intact Female,2 years,Vizsla Mix,Brown/White,Sporting,Medium/Light
A696665,*Flintstone,3/12/15 15:29,Stray,Normal,Dog,Neutered Male,1 year,Flat Coat Retriever Mix,Black,Sporting,Dark
A698675,Parker,3/16/15 10:41,Stray,Injured,Dog,Intact Male,2 years,Pit Bull Mix,Black/White,Pit Bull,Dark/Light
A698705,*Rico,3/16/15 16:35,Stray,Normal,Dog,Intact Male,2 years,Labrador Retriever Mix,Black/White,Sporting,Dark/Light
A698794,*Ivana,3/18/15 11:24,Stray,Normal,Dog,Intact Female,1 year,Pit Bull Mix,Black/White,Pit Bull,Dark/Light
A698796,*Hank,3/18/15 11:42,Stray,Sick,Dog,Intact Male,9 months,Pit Bull Mix,Blue/White,Pit Bull,Medium/Light
A698768,Buddy,3/19/15 13:18,Stray,Normal,Dog,Neutered Male,3 years,Boxer/Anatol Shepherd,Red/White,Herding,Medium/Light
A683137,Batman,3/19/15 14:44,Owner Surrender,Normal,Cat,Neutered Male,10 months,Domestic Shorthair Mix,Black,Domestic Shorthair,Dark
A698921,Belle,3/19/15 17:21,Stray,Normal,Dog,Spayed Female,10 years,Chihuahua Shorthair Mix,Chocolate/White,Toy,Dark/Light
A698938,Cocoa,3/20/15 10:58,Public Assist,Normal,Dog,Intact Female,4 years,Dutch Shepherd Mix,Brown Brindle,Herding,Medium
A698980,Eddie,3/20/15 14:26,Stray,Normal,Dog,Neutered Male,4 years,Chihuahua Shorthair/Cardigan Welsh Corgi,Tan/White,Toy,Medium/Light
A699032,Blacky,3/21/15 13:38,Owner Surrender,Normal,Cat,Spayed Female,10 years,Domestic Shorthair Mix,Tortie,Domestic Shorthair,Dark/Medium
A698216,Pippa,3/22/15 14:17,Owner Surrender,Normal,Cat,Spayed Female,1 year,Siamese Mix,Lynx Point,Siamese,Light/Medium
A699225,*Josie,3/24/15 11:59,Stray,Nursing,Cat,Intact Female,1 year,Domestic Shorthair Mix,Calico,Domestic Shorthair,Tricolor
A699262,Estrella,3/24/15 16:56,Stray,Normal,Dog,Spayed Female,3 years,Staffordshire Mix,White/Black,Terrier,Light/Dark
A688959,Pricilla Sue,3/25/15 12:52,Stray,Normal,Dog,Spayed Female,1 year,Chihuahua Shorthair/Yorkshire Terrier,Black/Red,Terrier,Dark/Medium
A699322,Lady,3/25/15 15:28,Stray,Normal,Dog,Intact Female,3 years,Belgian Malinois Mix,Sable,Herding,Medium/Dark
A699327,Moz,3/25/15 15:45,Stray,Normal,Dog,Intact Male,2 years,Irish Terrier/Border Terrier,Tan/White,Terrier,Medium/Light
A699427,*Curley,3/27/15 10:57,Stray,Normal,Cat,Intact Male,3 weeks,Balinese Mix,Flame Point,Exotic,Light
A699543,*Stewie,3/29/15 12:05,Stray,Normal,Dog,Intact Male,4 weeks,Labrador Retriever/Pit Bull,White/Black,Sporting,Light/Dark
A699675,Charlie,3/31/15 17:50,Stray,Normal,Dog,Neutered Male,5 years,Labrador Retriever/Greyhound,Black,Sporting,Dark
A699731,Mugsy,4/1/15 15:13,Owner Surrender,Normal,Cat,Neutered Male,7 years,Domestic Shorthair Mix,Black/White,Domestic Shorthair,Dark/Light
A699731,Mugsy,4/1/15 15:13,Owner Surrender,Normal,Cat,Neutered Male,7 years,Domestic Shorthair Mix,Black/White,Domestic Shorthair,Dark/Light
A699813,*Mcgruff,4/2/15 17:50,Stray,Injured,Dog,Neutered Male,13 years,Rhod Ridgeback Mix,Sable,Hound,Medium/Dark
A699820,Ginger,4/2/15 19:36,Public Assist,Normal,Dog,Spayed Female,6 years,Chihuahua Shorthair/Pug,Tan,Toy,Medium
A652101,Stella,4/5/15 12:57,Owner Surrender,Normal,Dog,Spayed Female,3 years,Pit Bull/Chow Chow,Tan/White,Pit Bull,Medium/Light
A698768,Buddy,4/6/15 14:05,Stray,Normal,Dog,Neutered Male,3 years,Boxer/Anatol Shepherd,Red/White,Herding,Medium/Light
A595090,Tigz,4/6/15 14:18,Owner Surrender,Normal,Dog,Neutered Male,4 years,Boerboel Mix,Tan/Black,Working,Medium/Dark
A595090,Tigz,4/6/15 14:18,Owner Surrender,Normal,Dog,Neutered Male,4 years,Boerboel Mix,Tan/Black,Working,Medium/Dark
A700061,Chubbs,4/7/15 11:21,Stray,Normal,Cat,Neutered Male,6 years,Domestic Shorthair Mix,Brown Tabby,Domestic Shorthair,Medium/Light
A700074,*Cynthia,4/7/15 14:25,Stray,Normal,Dog,Intact Female,1 year,Pit Bull Mix,White/Brown,Pit Bull,Light/Medium
A700084,*Payton,4/7/15 18:11,Stray,Normal,Dog,Intact Male,1 year,Pit Bull Mix,Yellow Brindle/White,Pit Bull,Light/Medium
A700117,*Sue Ellen,4/8/15 12:59,Stray,Normal,Cat,Intact Female,1 month,Domestic Shorthair Mix,Black/White,Domestic Shorthair,Dark/Light
A700122,*Pamela,4/8/15 12:59,Stray,Normal,Cat,Intact Female,1 month,Domestic Longhair Mix,Black/White,Domestic Longhair,Dark/Light
A700110,Taco,4/8/15 13:10,Owner Surrender,Normal,Dog,Neutered Male,5 years,Labrador Retriever,Brown Brindle/White,Sporting,Medium/Light
A552796,Jd,4/8/15 16:35,Stray,Normal,Dog,Neutered Male,7 years,Pit Bull Mix,Black/White,Pit Bull,Dark/Light
A700295,Robin,4/11/15 13:28,Stray,Normal,Dog,Intact Female,4 months,Labrador Retriever/Anatol Shepherd,White/Tricolor,Herding,Tricolor
A700302,Boss,4/11/15 14:05,Owner Surrender,Normal,Dog,Intact Male,2 years,Labrador Retriever/Great Pyrenees,Red/White,Sporting,Medium/Light
A700308,*Oreo,4/11/15 14:28,Stray,Normal,Cat,Intact Female,3 weeks,Domestic Shorthair Mix,Black/White,Domestic Shorthair,Dark/Light
A700310,*Moo,4/11/15 14:28,Stray,Normal,Cat,Intact Female,3 weeks,Domestic Shorthair Mix,White/Black,Domestic Shorthair,Light/Dark
A700368,*Kennedy,4/12/15 16:07,Stray,Normal,Other,Intact Male,1 year,Californian Mix,Tricolor,Unknown,Tricolor
A700396,Calseta,4/13/15 10:58,Stray,Normal,Dog,Intact Female,3 years,Pit Bull Mix,Black/White,Pit Bull,Dark/Light
A700396,Calseta,4/13/15 10:58,Stray,Normal,Dog,Intact Female,3 years,Pit Bull Mix,Black/White,Pit Bull,Dark/Light
A700396,Calseta,4/13/15 10:58,Stray,Normal,Dog,Intact Female,3 years,Pit Bull Mix,Black/White,Pit Bull,Dark/Light
A700398,*Poppy,4/13/15 11:03,Stray,Normal,Dog,Intact Female,2 years,Chihuahua Shorthair Mix,Fawn/White,Toy,Light
A700252,Manchas,4/13/15 13:12,Public Assist,Normal,Dog,Intact Male,6 months,American Bulldog Mix,White/Brown Brindle,Non-Sporting,Light/Medium
A700252,Manchas,4/13/15 13:12,Public Assist,Normal,Dog,Intact Male,6 months,American Bulldog Mix,White/Brown Brindle,Non-Sporting,Light/Medium
A700467,*Tolstoy,4/14/15 11:09,Stray,Normal,Cat,Neutered Male,1 year,Domestic Shorthair Mix,Cream Tabby,Domestic Shorthair,Light/Medium
A700479,Quinn,4/14/15 13:01,Stray,Normal,Dog,Intact Female,1 month,Labrador Retriever,Brown/White,Sporting,Medium/Light
A700482,*Pixie,4/14/15 13:23,Stray,Normal,Cat,Spayed Female,1 year,Domestic Shorthair Mix,Brown Tabby,Domestic Shorthair,Medium/Light
A700570,*Hazel Grace,4/16/15 11:51,Stray,Nursing,Cat,Intact Female,2 weeks,Domestic Shorthair Mix,Tortie/Blue Cream,Domestic Shorthair,Tricolor
A700574,Guardian,4/16/15 11:51,Stray,Normal,Dog,Intact Male,1 month,Australian Cattle Dog Mix,Red Merle/White,Herding,Light/Medium
A691899,Oreo,4/16/15 15:09,Stray,Normal,Dog,Neutered Male,4 years,Australian Cattle Dog Mix,White/Black,Herding,Light/Dark
A700740,*Charlie,4/18/15 18:00,Stray,Injured,Dog,Intact Male,1 year,Chihuahua Shorthair,White,Toy,Light
A629737,Umi,4/19/15 11:05,Owner Surrender,Normal,Cat,Spayed Female,3 years,Domestic Shorthair Mix,Brown Tabby,Domestic Shorthair,Medium/Light
A700754,Hope,4/19/15 11:22,Owner Surrender,Normal,Cat,Intact Female,2 years,Domestic Shorthair Mix,Calico,Domestic Shorthair,Tricolor
A700756,Maya,4/19/15 11:27,Public Assist,Normal,Dog,Intact Female,6 years,Bichon Frise Mix,White,Toy,Light
A700792,Kit,4/19/15 16:18,Owner Surrender,Normal,Cat,Spayed Female,2 years,Domestic Shorthair Mix,Brown Tabby,Domestic Shorthair,Medium/Light
A698938,Cocoa,4/20/15 9:16,Stray,Normal,Dog,Spayed Female,4 years,Dutch Shepherd Mix,Brown Brindle,Herding,Medium
A700839,*Turkey,4/20/15 12:45,Stray,Normal,Dog,Intact Male,1 year,Pit Bull Mix,Blue,Pit Bull,Medium
A699890,Zoey,4/20/15 14:51,Owner Surrender,Normal,Dog,Spayed Female,2 years,Pit Bull Mix,Brown Brindle/White,Pit Bull,Medium/Light
A700906,Charli,4/21/15 11:36,Stray,Normal,Cat,Intact Female,2 years,Siamese Mix,Blue Point,Siamese,Light/Medium
A699262,Estrella,4/21/15 12:52,Stray,Normal,Dog,Spayed Female,3 years,Staffordshire Mix,White/Black,Terrier,Light/Dark
A700959,Giselle,4/21/15 17:37,Stray,Nursing,Cat,Intact Female,3 years,Domestic Shorthair Mix,Brown Tabby/White,Domestic Shorthair,Medium/Light
A700964,Chiki,4/21/15 18:46,Stray,Normal,Dog,Spayed Female,6 years,Shih Tzu Mix,Gray/White,Toy,Medium/Light
A681890,Marilyn,4/24/15 12:12,Public Assist,Normal,Dog,Spayed Female,5 years,West Highland,White,Terrier,Light
A675639,Boomer,4/24/15 17:46,Stray,Normal,Dog,Neutered Male,3 years,Pit Bull Mix,Tan/White,Pit Bull,Medium/Light
A623561,Marley,4/25/15 10:38,Public Assist,Normal,Dog,Neutered Male,6 years,Pit Bull Mix,Blue/White,Pit Bull,Medium/Light
A701252,Pepper,4/26/15 13:23,Owner Surrender,Normal,Dog,Neutered Male,4 years,Australian Shepherd Mix,Blue Merle,Herding,Light/Medium
A701329,*Jordan,4/27/15 17:13,Stray,Normal,Dog,Intact Male,2 months,Black Mouth Cur,Brown,Herding,Medium
A701350,Princess,4/28/15 11:43,Stray,Normal,Dog,Intact Female,3 years,Pit Bull Mix,Tan/White,Pit Bull,Medium/Light
A701357,*Sunshine,4/28/15 12:43,Stray,Normal,Dog,Intact Female,5 years,Chihuahua Shorthair Mix,Sable/Brown,Toy,Medium/Dark
A692033,Brick,4/28/15 18:40,Public Assist,Normal,Dog,Neutered Male,3 years,Bull Terrier Mix,White/Tan,Terrier,Light/Medium
A701442,*Alvin,4/29/15 15:32,Stray,Normal,Dog,Intact Male,1 year,German Shepherd Mix,Brown,Herding,Medium
A701451,Mio,4/29/15 16:55,Public Assist,Normal,Dog,Neutered Male,1 month,Chihuahua Shorthair/Boston Terrier,Brown Brindle/White,Terrier,Medium/Light
A663819,Zeus,4/29/15 18:38,Stray,Normal,Dog,Neutered Male,2 years,Pit Bull Mix,Black/White,Pit Bull,Dark/Light
A701495,Bella,4/30/15 12:28,Owner Surrender,Normal,Dog,Spayed Female,5 years,Pit Bull Mix,Blue/White,Pit Bull,Medium/Light
A613650,Diamond,5/1/15 11:08,Stray,Normal,Dog,Spayed Female,5 years,American Pit Bull Terrier Mix,Fawn/White,Terrier,Light
A613650,Diamond,5/1/15 11:08,Stray,Normal,Dog,Spayed Female,5 years,American Pit Bull Terrier Mix,Fawn/White,Terrier,Light
A701554,Kahlua,5/1/15 13:54,Owner Surrender,Normal,Dog,Spayed Female,2 years,American Staffordshire Terrier/Australian Cattle Dog,Black/White,Terrier,Dark/Light
A701556,*Fisk,5/1/15 14:22,Stray,Injured,Dog,Intact Male,5 years,Pit Bull Mix,Blue,Pit Bull,Medium
A701575,Hastings,5/1/15 17:28,Stray,Normal,Dog,Intact Male,1 year,Pit Bull Mix,Brown Brindle/White,Pit Bull,Medium/Light
A701605,*Toothless,5/2/15 10:39,Stray,Normal,Cat,Intact Female,4 weeks,Domestic Shorthair Mix,Black,Domestic Shorthair,Dark
A701610,*Gigi,5/2/15 11:11,Stray,Normal,Cat,Intact Female,4 weeks,Domestic Medium Hair Mix,Cream,Domestic Medium Hair,Light
A695857,Cherry,5/2/15 15:47,Stray,Normal,Dog,Spayed Female,1 year,Labrador Retriever Mix,Black,Sporting,Dark
A695857,Cherry,5/2/15 15:47,Stray,Normal,Dog,Spayed Female,1 year,Labrador Retriever Mix,Black,Sporting,Dark
A593109,Sydney,5/2/15 15:47,Stray,Normal,Dog,Spayed Female,6 years,Pit Bull Mix,White/Black,Pit Bull,Light/Dark
A593109,Sydney,5/2/15 15:47,Stray,Normal,Dog,Spayed Female,6 years,Pit Bull Mix,White/Black,Pit Bull,Light/Dark
A701643,*Chip,5/2/15 16:07,Stray,Normal,Cat,Intact Male,1 month,Domestic Shorthair Mix,Brown Tabby,Domestic Shorthair,Medium/Light
A701644,*Laura,5/2/15 16:07,Stray,Normal,Cat,Intact Female,1 month,Domestic Shorthair Mix,Brown Tabby,Domestic Shorthair,Medium/Light
A701694,Charlie,5/3/15 13:12,Owner Surrender,Normal,Dog,Spayed Female,1 year,Jack Russell Terrier Mix,Tricolor,Terrier,Tricolor
A699262,Estrella,5/4/15 21:13,Stray,Normal,Dog,Spayed Female,3 years,Staffordshire Mix,White/Black,Terrier,Light/Dark
A701879,Puma,5/5/15 16:20,Stray,Normal,Dog,Neutered Male,2 years,Miniature Poodle Mix,White,Non-Sporting,Light
A632028,Daisy,5/5/15 17:55,Stray,Normal,Dog,Spayed Female,4 years,Great Pyrenees Mix,White,Working,Light
A632028,Daisy,5/5/15 17:55,Stray,Normal,Dog,Spayed Female,4 years,Great Pyrenees Mix,White,Working,Light
A529310,Angel,5/6/15 7:04,Stray,Normal,Dog,Intact Female,8 years,Vizsla,Red,Sporting,Medium
A701901,Sasha,5/6/15 9:02,Stray,Normal,Dog,Spayed Female,1 year,Pit Bull Mix,Blue,Pit Bull,Medium
A701901,Sasha,5/6/15 9:02,Stray,Normal,Dog,Spayed Female,1 year,Pit Bull Mix,Blue,Pit Bull,Medium
A701917,Zena,5/6/15 11:59,Stray,Normal,Dog,Spayed Female,2 years,Australian Shepherd Mix,Black/Tan,Herding,Dark/Medium
A668598,Sprinkles,5/6/15 11:59,Stray,Normal,Dog,Neutered Male,1 year,Rottweiler Mix,Black/White,Working,Dark/Light
A701956,*Davis,5/6/15 18:46,Stray,Normal,Cat,Spayed Female,7 months,Domestic Shorthair Mix,Brown Tabby,Domestic Shorthair,Medium/Light
A699262,Estrella,5/7/15 10:56,Stray,Normal,Dog,Spayed Female,3 years,Staffordshire Mix,White/Black,Terrier,Light/Dark
A701979,Winnie,5/7/15 11:45,Owner Surrender,Normal,Dog,Spayed Female,10 years,Labrador Retriever Mix,Tan,Sporting,Medium
A701979,Winnie,5/7/15 11:45,Owner Surrender,Normal,Dog,Spayed Female,10 years,Labrador Retriever Mix,Tan,Sporting,Medium
A702002,Diamond,5/7/15 14:47,Stray,Normal,Dog,Intact Female,1 year,Pit Bull Mix,White,Pit Bull,Light
A702014,Diamond,5/7/15 17:04,Stray,Normal,Dog,Intact Female,5 months,Blue Lacy Mix,Blue/White,Herding,Medium/Light
A702014,Diamond,5/7/15 17:04,Stray,Normal,Dog,Intact Female,5 months,Blue Lacy Mix,Blue/White,Herding,Medium/Light
A702042,*Rocky,5/8/15 12:19,Stray,Normal,Other,Unknown,1 year,Rabbit Sh Mix,Black/White,Unknown,Dark/Light
A702056,Monty,5/8/15 15:20,Stray,Normal,Dog,Intact Male,7 months,Border Collie Mix,Black/White,Herding,Dark/Light
A702075,Rocky,5/8/15 20:55,Stray,Normal,Dog,Neutered Male,10 years,Rottweiler/Rhod Ridgeback,Brown/White,Working,Medium/Light
A702164,Sparkle,5/10/15 11:04,Stray,Normal,Cat,Spayed Female,13 years,Domestic Shorthair Mix,Black,Domestic Shorthair,Dark
A702180,Danny,5/10/15 12:47,Stray,Normal,Dog,Intact Male,6 years,Jack Russell Terrier Mix,White/Brown,Terrier,Light/Medium
A694501,Penelope,5/12/15 1:11,Stray,Normal,Dog,Spayed Female,10 months,Labrador Retriever Mix,Black/White,Sporting,Dark/Light
A694501,Penelope,5/12/15 1:11,Stray,Normal,Dog,Spayed Female,10 months,Labrador Retriever Mix,Black/White,Sporting,Dark/Light
A694501,Penelope,5/12/15 1:11,Stray,Normal,Dog,Spayed Female,10 months,Labrador Retriever Mix,Black/White,Sporting,Dark/Light
A694501,Penelope,5/12/15 1:11,Stray,Normal,Dog,Spayed Female,10 months,Labrador Retriever Mix,Black/White,Sporting,Dark/Light
A702339,A.O.,5/12/15 13:38,Stray,Normal,Dog,Intact Male,1 year,American Bulldog Mix,White/Brown,Non-Sporting,Light/Medium
A702370,*Beamer,5/12/15 16:56,Stray,Normal,Dog,Neutered Male,9 years,Rat Terrier Mix,White/Black,Terrier,Light/Dark
A693840,Angel,5/13/15 14:49,Stray,Normal,Dog,Spayed Female,7 months,Pit Bull Mix,Fawn/White,Pit Bull,Light
A702471,Simona,5/14/15 11:32,Stray,Normal,Dog,Intact Female,2 years,American Pit Bull Terrier/Labrador Retriever,Brown Brindle/White,Terrier,Medium/Light
A702471,Simona,5/14/15 11:32,Stray,Normal,Dog,Intact Female,2 years,American Pit Bull Terrier/Labrador Retriever,Brown Brindle/White,Terrier,Medium/Light
A702476,*Betty,5/14/15 12:22,Stray,Injured,Cat,Intact Female,2 years,Domestic Shorthair Mix,Black,Domestic Shorthair,Dark
A702481,Winnie,5/14/15 12:55,Public Assist,Normal,Dog,Spayed Female,3 years,Australian Shepherd Mix,Brown/White,Herding,Medium/Light
A702351,Spike,5/14/15 16:29,Public Assist,Normal,Dog,Intact Male,2 years,Labrador Retriever Mix,Yellow,Sporting,Light
A702581,*Amber,5/15/15 18:42,Stray,Normal,Dog,Intact Female,2 years,Pit Bull Mix,Brown/White,Pit Bull,Medium/Light
A702676,*Sage,5/16/15 16:03,Owner Surrender,Normal,Dog,Intact Female,1 month,Australian Cattle Dog Mix,Tricolor,Herding,Tricolor
A702701,Pepper,5/16/15 18:38,Stray,Normal,Dog,Spayed Female,2 years,Miniature Pinscher Mix,Chocolate/Brown,Toy,Dark/Medium
A698023,Bo,5/17/15 13:51,Stray,Normal,Dog,Neutered Male,11 months,Black Mouth Cur Mix,Brown,Herding,Medium
A702383,Zee,5/17/15 13:51,Stray,Normal,Dog,Neutered Male,1 year,Black Mouth Cur Mix,Brown/Black,Herding,Medium/Dark
A696393,Princess,5/18/15 7:34,Stray,Normal,Dog,Spayed Female,10 years,German Shepherd,Brown,Herding,Medium
A702800,,5/18/15 9:27,Stray,Nursing,Cat,Intact Male,1 day,Domestic Shorthair Mix,Blue Tabby/White,Domestic Shorthair,Medium/Light
A702804,,5/18/15 10:08,Stray,Normal,Cat,Neutered Male,1 month,Domestic Shorthair Mix,Brown Tabby/White,Domestic Shorthair,Medium/Light
A699979,Roxanne,5/18/15 10:20,Stray,Normal,Dog,Intact Female,5 months,Beagle/German Shepherd,Sable/White,Herding,Tricolor
A702835,*Pepe,5/18/15 13:11,Stray,Sick,Cat,Intact Female,4 weeks,Domestic Shorthair Mix,Torbie,Domestic Shorthair,Medium/Dark
A701901,Sasha,5/19/15 9:30,Public Assist,Normal,Dog,Spayed Female,1 year,Pit Bull Mix,Blue,Pit Bull,Medium
A701901,Sasha,5/19/15 9:30,Public Assist,Normal,Dog,Spayed Female,1 year,Pit Bull Mix,Blue,Pit Bull,Medium
A701694,Charlie,5/19/15 14:46,Owner Surrender,Normal,Dog,Spayed Female,1 year,Jack Russell Terrier Mix,Tricolor,Terrier,Tricolor
A703058,*Cricket,5/20/15 10:04,Public Assist,Normal,Cat,Intact Female,1 year,Domestic Shorthair Mix,Brown Tabby,Domestic Shorthair,Medium/Light
A703059,*Rocket,5/20/15 10:04,Public Assist,Normal,Cat,Intact Male,1 year,Domestic Shorthair Mix,Orange Tabby,Domestic Shorthair,Medium
A703057,Charles,5/20/15 10:17,Owner Surrender,Sick,Dog,Intact Male,10 months,Catahoula Mix,White/Black Brindle,Herding,Tricolor
A691584,Luke,5/20/15 17:28,Public Assist,Normal,Dog,Neutered Male,2 years,Labrador Retriever Mix,Tan/White,Sporting,Medium/Light
A453083,Liz,5/21/15 8:38,Stray,Aged,Dog,Spayed Female,9 years,Border Collie Mix,Chocolate/White,Herding,Dark/Light
A703189,Squeaker,5/21/15 13:51,Stray,Normal,Cat,Intact Female,4 weeks,Domestic Shorthair Mix,Brown Tabby/Orange,Domestic Shorthair,Medium/Light
A696155,Brurdaoex,5/21/15 14:31,Stray,Normal,Dog,Neutered Male,2 years,Pit Bull Mix,Red,Pit Bull,Medium
A694611,Roscoe,5/22/15 7:26,Stray,Normal,Dog,Neutered Male,2 years,Pit Bull Mix,White/Blue,Pit Bull,Light/Medium
A703294,Zoe,5/22/15 16:42,Stray,Normal,Dog,Intact Female,2 years,Pit Bull Mix,Brown Brindle/White,Pit Bull,Medium/Light
A703294,Zoe,5/22/15 16:42,Stray,Normal,Dog,Intact Female,2 years,Pit Bull Mix,Brown Brindle/White,Pit Bull,Medium/Light
A703322,Sophie,5/23/15 11:48,Owner Surrender,Normal,Cat,Spayed Female,6 years,Domestic Shorthair Mix,Cream Tabby,Domestic Shorthair,Light/Medium
A702922,Lili,5/23/15 14:17,Public Assist,Normal,Dog,Intact Female,1 year,Chihuahua Shorthair/Swedish Vallhund,Brown/Black,Toy,Medium/Dark
A699675,Charlie,5/23/15 15:06,Stray,Normal,Dog,Neutered Male,5 years,Labrador Retriever/Greyhound,Black,Sporting,Dark
A703359,*Dubu,5/23/15 15:30,Stray,Normal,Dog,Neutered Male,10 years,Miniature Poodle Mix,Cream,Non-Sporting,Light
A703393,3Buster,5/24/15 12:20,Stray,Normal,Dog,Intact Male,9 months,Pointer Mix,Black/White,Sporting,Dark/Light
A703414,Sundae,5/24/15 14:12,Stray,Normal,Dog,Spayed Female,3 years,Boston Terrier,Black/White,Terrier,Dark/Light
A703583,*Aspen,5/27/15 10:49,Stray,Normal,Cat,Intact Female,4 weeks,Siamese Mix,Lynx Point,Siamese,Light/Medium
A703602,*Hailey,5/27/15 12:50,Stray,Normal,Dog,Intact Female,2 years,German Shepherd Mix,Brown/Black,Herding,Medium/Dark
A703615,Bailey,5/27/15 13:06,Stray,Normal,Dog,Intact Male,1 month,Labrador Retriever Mix,Black/White,Sporting,Dark/Light
A699191,Brownie,5/27/15 16:09,Stray,Normal,Dog,Intact Male,2 years,Pit Bull Mix,Brown/White,Pit Bull,Medium/Light
A703649,*Kismit,5/27/15 16:11,Stray,Normal,Dog,Intact Female,3 years,Pit Bull Mix,White/Brown,Pit Bull,Light/Medium
A703669,*Georgia,5/27/15 18:16,Owner Surrender,Normal,Cat,Intact Female,2 years,Domestic Shorthair Mix,Brown Tabby/White,Domestic Shorthair,Medium/Light
A687987,Koda,5/27/15 18:46,Owner Surrender,Normal,Dog,Spayed Female,5 years,Pit Bull Mix,Brown/White,Pit Bull,Medium/Light
A703717,Rex,5/28/15 11:17,Stray,Normal,Dog,Intact Male,5 months,Labrador Retriever/German Shepherd,Black/White,Herding,Dark/Light
A703718,Durbin,5/28/15 11:17,Stray,Normal,Dog,Intact Male,5 months,Labrador Retriever Mix,Black/White,Sporting,Dark/Light
A703563,Noah,5/28/15 11:32,Stray,Normal,Dog,Intact Male,2 months,Alaskan Husky/German Shepherd,Black/Tan,Herding,Dark/Medium
A703723,Brindlee,5/28/15 11:46,Stray,Normal,Dog,Intact Female,2 years,Pit Bull/Pointer,Brown Brindle/White,Pit Bull,Medium/Light
A703723,Brindlee,5/28/15 11:46,Stray,Normal,Dog,Intact Female,2 years,Pit Bull/Pointer,Brown Brindle/White,Pit Bull,Medium/Light
A703766,*Bubba,5/28/15 16:28,Stray,Normal,Dog,Intact Male,2 years,Boxer/Labrador Retriever,Tan/White,Working,Medium/Light
A703506,Nala,5/28/15 18:57,Public Assist,Normal,Dog,Intact Female,10 months,Pit Bull Mix,Brown Brindle,Pit Bull,Medium
A703506,Nala,5/28/15 18:57,Public Assist,Normal,Dog,Intact Female,10 months,Pit Bull Mix,Brown Brindle,Pit Bull,Medium
A703799,*Sunny,5/29/15 10:05,Stray,Sick,Cat,Intact Female,3 weeks,Domestic Shorthair Mix,Torbie,Domestic Shorthair,Medium/Dark
A702014,Diamond,5/29/15 15:34,Owner Surrender,Normal,Dog,Spayed Female,5 months,Blue Lacy Mix,Blue/White,Herding,Medium/Light
A702014,Diamond,5/29/15 15:34,Owner Surrender,Normal,Dog,Spayed Female,5 months,Blue Lacy Mix,Blue/White,Herding,Medium/Light
A703767,Sally,5/29/15 15:37,Owner Surrender,Normal,Cat,Spayed Female,3 years,Domestic Medium Hair Mix,Torbie,Domestic Medium Hair,Medium/Dark
A650619,Tate,5/29/15 16:36,Public Assist,Normal,Dog,Neutered Male,8 years,German Shepherd/Labrador Retriever,Tricolor,Herding,Tricolor
A703876,Conrad,5/29/15 17:56,Stray,Normal,Dog,Neutered Male,2 years,Rottweiler Mix,Tricolor,Working,Tricolor
A703876,Conrad,5/29/15 17:56,Stray,Normal,Dog,Neutered Male,2 years,Rottweiler Mix,Tricolor,Working,Tricolor
A668079,King,5/29/15 19:51,Public Assist,Normal,Dog,Neutered Male,7 years,Pit Bull/Labrador Retriever,Black/White,Pit Bull,Dark/Light
A703892,*Opal Jane,5/30/15 10:13,Stray,Normal,Dog,Intact Female,12 years,Chihuahua Shorthair Mix,White/Brown,Toy,Light/Medium
A703983,*Victoria,5/31/15 11:39,Stray,Normal,Dog,Intact Female,10 months,Carolina Dog Mix,Tan/White,Non-Sporting,Medium/Light
A704062,Stella,6/1/15 11:02,Stray,Normal,Cat,Intact Female,2 years,Domestic Shorthair Mix,Tortie,Domestic Shorthair,Dark/Medium
A704114,*Muzzy,6/1/15 16:24,Stray,Normal,Dog,Neutered Male,8 years,Shetland Sheepdog Mix,White/Brown,Herding,Light/Medium
A633441,Powder,6/1/15 17:00,Public Assist,Normal,Dog,Spayed Female,5 years,Pit Bull Mix,White,Pit Bull,Light
A704136,*Kisses,6/1/15 18:24,Stray,Normal,Dog,Intact Female,2 years,Boxer Mix,Brown Brindle/White,Working,Medium/Light
A704139,*Titus,6/1/15 19:14,Stray,Normal,Cat,Intact Female,4 weeks,Domestic Shorthair Mix,Black,Domestic Shorthair,Dark
A704141,*Harry,6/1/15 22:13,Stray,Sick,Cat,Neutered Male,3 years,Domestic Shorthair Mix,Orange Tabby,Domestic Shorthair,Medium
A704145,Leo,6/2/15 7:51,Stray,Normal,Cat,Intact Male,3 weeks,Domestic Shorthair Mix,Brown Tabby,Domestic Shorthair,Medium/Light
A704148,Charlie,6/2/15 8:21,Owner Surrender,Normal,Dog,Intact Male,2 years,English Springer Spaniel Mix,White/Black,Sporting,Light/Dark
A704220,*Hayworth,6/2/15 8:50,Public Assist,Nursing,Dog,Intact Male,1 day,Chihuahua Shorthair Mix,Brown/White,Toy,Medium/Light
A697910,Boris,6/2/15 14:27,Public Assist,Normal,Cat,Neutered Male,2 years,Domestic Medium Hair Mix,Orange Tabby/White,Domestic Medium Hair,Medium/Light
A704211,Sage,6/2/15 16:05,Owner Surrender,Normal,Dog,Spayed Female,3 years,German Shepherd/Labrador Retriever,Buff,Herding,Light
A678174,Scarlet Rose,6/2/15 16:05,Owner Surrender,Normal,Dog,Intact Female,3 years,Pit Bull Mix,Red/White,Pit Bull,Medium/Light
A704225,Ramona,6/2/15 17:07,Stray,Normal,Cat,Intact Female,1 year,Domestic Longhair Mix,Black,Domestic Longhair,Dark
A704287,Bevo,6/3/15 13:22,Stray,Normal,Dog,Intact Male,11 years,American Staffordshire Terrier Mix,White/Tan,Terrier,Light/Medium
A600769,King,6/3/15 16:17,Owner Surrender,Normal,Dog,Neutered Male,7 years,American Bulldog Mix,Tan/White,Non-Sporting,Medium/Light
A704419,*Cindy,6/4/15 15:42,Stray,Normal,Cat,Intact Female,1 month,Siamese Mix,Lynx Point,Siamese,Light/Medium
A704180,Thor,6/4/15 16:59,Owner Surrender,Normal,Dog,Neutered Male,2 months,Chow Chow/Pit Bull,Cream,Non-Sporting,Light
A704427,*Oscar,6/4/15 17:09,Stray,Normal,Cat,Intact Male,1 month,Domestic Shorthair Mix,Orange Tabby,Domestic Shorthair,Medium
A672679,Mellie,6/5/15 14:39,Stray,Normal,Dog,Spayed Female,4 years,Labrador Retriever/Boxer,Black/White,Sporting,Dark/Light
A704526,Lucy,6/5/15 17:52,Stray,Normal,Dog,Intact Female,5 months,Pointer Mix,White/Brown,Sporting,Light/Medium
A704545,Neko,6/6/15 11:05,Stray,Nursing,Dog,Intact Female,3 years,German Shepherd Mix,Tan/White,Herding,Medium/Light
A704574,*Tina,6/6/15 13:24,Stray,Injured,Dog,Intact Female,3 months,Chihuahua Shorthair/Dachshund,Black/Tan,Toy,Dark/Medium
A704577,Big Cat,6/6/15 13:57,Stray,Normal,Cat,Spayed Female,9 years,Domestic Shorthair Mix,White/Blue,Domestic Shorthair,Light/Medium
A704599,Levi,6/6/15 16:19,Stray,Normal,Dog,Intact Male,4 years,Pit Bull Mix,Black/White,Pit Bull,Dark/Light
A704643,*Chico,6/7/15 12:58,Stray,Normal,Cat,Intact Male,5 weeks,Domestic Shorthair Mix,Brown Tabby,Domestic Shorthair,Medium/Light
A704675,*Annie,6/7/15 16:09,Stray,Normal,Dog,Intact Female,4 days,Dachshund Wirehair/Miniature Poodle,Black/Tan,Hound,Dark/Medium
A704715,*Isabella,6/8/15 11:52,Stray,Normal,Cat,Intact Female,4 weeks,Domestic Shorthair Mix,Black,Domestic Shorthair,Dark
A704718,*Paulie,6/8/15 11:52,Stray,Normal,Cat,Intact Male,4 weeks,Domestic Shorthair Mix,White/Black,Domestic Shorthair,Light/Dark
A704733,Lyle,6/8/15 14:00,Stray,Normal,Cat,Neutered Male,8 years,Domestic Medium Hair Mix,Brown Tabby/White,Domestic Medium Hair,Medium/Light
A623561,Marley,6/8/15 17:44,Stray,Normal,Dog,Neutered Male,6 years,Pit Bull Mix,Blue/White,Pit Bull,Medium/Light
A704812,Meisha,6/9/15 10:59,Stray,Normal,Dog,Spayed Female,5 years,Australian Cattle Dog Mix,Black/White,Herding,Dark/Light
A704797,*Simon,6/9/15 11:17,Stray,Normal,Cat,Neutered Male,6 years,Domestic Shorthair Mix,Blue Tabby,Domestic Shorthair,Medium/Light
A704821,*Skipper,6/9/15 12:35,Owner Surrender,Normal,Dog,Intact Female,4 weeks,Chihuahua Longhair Mix,Black/White,Toy,Dark/Light
A704827,*Lilia,6/9/15 13:22,Stray,Normal,Cat,Intact Female,1 year,Domestic Shorthair Mix,Torbie/White,Domestic Shorthair,Tricolor
A704844,*Tilly,6/9/15 15:36,Stray,Normal,Dog,Intact Female,3 years,Labrador Retriever Mix,Black/White,Sporting,Dark/Light
A704910,Precious,6/10/15 16:47,Owner Surrender,Normal,Dog,Intact Female,2 years,Pit Bull Mix,Blue,Pit Bull,Medium
A704913,*Brooks,6/10/15 16:47,Owner Surrender,Normal,Dog,Intact Male,1 year,Pit Bull Mix,Blue/White,Pit Bull,Medium/Light
A704944,Shalanda,6/11/15 10:21,Stray,Normal,Dog,Intact Female,4 years,Bichon Frise/Miniature Poodle,White,Toy,Light
A704953,Zafira,6/11/15 11:17,Owner Surrender,Normal,Dog,Spayed Female,3 years,Pit Bull Mix,Chocolate/White,Pit Bull,Dark/Light
A704972,*Teddy,6/11/15 12:18,Stray,Normal,Cat,Intact Male,4 weeks,Domestic Shorthair Mix,Brown Tabby,Domestic Shorthair,Medium/Light
A704973,*Pixie,6/11/15 12:18,Stray,Normal,Cat,Intact Female,4 weeks,Domestic Shorthair Mix,Black/White,Domestic Shorthair,Dark/Light
A704974,*Denny,6/11/15 12:18,Stray,Normal,Cat,Intact Male,4 weeks,Domestic Shorthair Mix,Orange Tabby/White,Domestic Shorthair,Medium/Light
A705055,*Maggie,6/12/15 14:31,Stray,Normal,Dog,Intact Female,2 years,Pit Bull/Plott Hound,Brown Brindle/White,Hound,Medium/Light
A698372,Coco,6/14/15 13:30,Owner Surrender,Normal,Dog,Spayed Female,2 years,Vizsla Mix,Brown/White,Sporting,Medium/Light
A705146,Major,6/13/15 16:37,Owner Surrender,Normal,Dog,Intact Male,13 years,Jack Russell Terrier Mix,White/Brown,Terrier,Light/Medium
A705147,Zeffie,6/13/15 16:37,Owner Surrender,Normal,Dog,Spayed Female,1 year,German Shepherd Mix,Black,Herding,Dark
A703294,Zoe,6/14/15 11:03,Stray,Normal,Dog,Intact Female,2 years,Pit Bull Mix,Brown Brindle/White,Pit Bull,Medium/Light
A703294,Zoe,6/14/15 11:03,Stray,Normal,Dog,Intact Female,2 years,Pit Bull Mix,Brown Brindle/White,Pit Bull,Medium/Light
A705175,*Sky,6/14/15 11:40,Stray,Normal,Dog,Intact Female,9 months,Australian Kelpie Mix,Black/Tan,Working,Dark/Medium
A705183,*Kenny,6/14/15 13:02,Stray,Sick,Dog,Intact Male,1 year,Pit Bull Mix,White/Brown,Pit Bull,Light/Medium
A705236,Nanny,6/15/15 10:57,Public Assist,Normal,Dog,Intact Female,2 years,Pit Bull/Bulldog,White/Black,Pit Bull,Light/Dark
A668654,Elvis,6/15/15 10:59,Owner Surrender,Normal,Dog,Neutered Male,2 years,Chihuahua Shorthair Mix,Black/Tricolor,Toy,Tricolor
A705250,*Nathan,6/15/15 12:09,Owner Surrender,Normal,Cat,Intact Male,3 months,Domestic Shorthair Mix,Brown Tabby,Domestic Shorthair,Medium/Light
A705276,,6/15/15 13:41,Stray,Normal,Cat,Intact Male,4 weeks,Domestic Shorthair Mix,Black,Domestic Shorthair,Dark
A705278,Tuffy,6/15/15 13:41,Stray,Normal,Cat,Intact Female,4 weeks,Domestic Shorthair Mix,Brown Tabby,Domestic Shorthair,Medium/Light
A697910,Boris,6/15/15 14:20,Public Assist,Normal,Cat,Neutered Male,2 years,Domestic Medium Hair Mix,Orange Tabby/White,Domestic Medium Hair,Medium/Light
A705299,Dexter,6/15/15 16:15,Stray,Normal,Dog,Intact Male,2 years,Pit Bull Mix,Blue/White,Pit Bull,Medium/Light
A705333,Tori,6/16/15 11:03,Owner Surrender,Normal,Cat,Spayed Female,3 years,Domestic Shorthair Mix,Torbie,Domestic Shorthair,Medium/Dark
A705337,Haylie,6/16/15 11:36,Stray,Normal,Dog,Intact Female,2 years,Pit Bull Mix,Tan/White,Pit Bull,Medium/Light
A705358,Zoey,6/16/15 12:22,Stray,Normal,Dog,Intact Female,6 months,Pit Bull Mix,Blue/White,Pit Bull,Medium/Light
A700973,Loco,6/16/15 13:54,Stray,Normal,Dog,Intact Male,1 year,Pit Bull Mix,Brown Brindle/White,Pit Bull,Medium/Light
A700973,Loco,6/16/15 13:54,Stray,Normal,Dog,Intact Male,1 year,Pit Bull Mix,Brown Brindle/White,Pit Bull,Medium/Light
A700972,Whiskers,6/16/15 13:54,Stray,Normal,Dog,Intact Male,6 months,Chihuahua Shorthair Mix,Black,Toy,Dark
A697854,Monty,6/17/15 15:36,Stray,Normal,Dog,Neutered Male,10 years,Beauceron Mix,Black/Tan,Herding,Dark/Medium
A704211,Sage,6/17/15 20:41,Public Assist,Normal,Dog,Spayed Female,3 years,German Shepherd/Labrador Retriever,Buff,Herding,Light
A678174,Scarlet Rose,6/17/15 20:41,Public Assist,Normal,Dog,Intact Female,3 years,Pit Bull Mix,Red/White,Pit Bull,Medium/Light
A703998,Paris,6/18/15 13:29,Owner Surrender,Normal,Cat,Intact Female,1 year,Domestic Shorthair Mix,Brown Tabby/White,Domestic Shorthair,Medium/Light
A705537,*Bonnie,6/18/15 16:01,Stray,Normal,Dog,Spayed Female,6 years,German Shepherd Mix,Tan,Herding,Medium
A705559,*Sneakers,6/19/15 7:13,Stray,Normal,Dog,Spayed Female,2 years,Pit Bull Mix,Tan/White,Pit Bull,Medium/Light
A705601,*Hank,6/19/15 13:49,Stray,Normal,Dog,Intact Male,2 years,American Bulldog Mix,White/Tan,Non-Sporting,Light/Medium
A705677,*Luigi,6/20/15 11:40,Stray,Normal,Dog,Intact Male,2 years,Dogo Argentino Mix,White,Hound,Light
A705769,*Molly,6/21/15 11:40,Stray,Normal,Cat,Intact Female,4 weeks,Domestic Medium Hair,Brown Tabby,Domestic Medium Hair,Medium/Light
A705771,*Millie,6/21/15 11:40,Stray,Normal,Cat,Intact Female,4 weeks,Domestic Shorthair Mix,Brown Tabby,Domestic Shorthair,Medium/Light
A705772,*Maggie,6/21/15 11:40,Stray,Normal,Cat,Intact Female,4 weeks,Domestic Shorthair Mix,Brown Tabby/White,Domestic Shorthair,Medium/Light
A705773,*Martha,6/21/15 11:40,Stray,Normal,Cat,Intact Female,4 weeks,Domestic Shorthair Mix,White/Brown Tabby,Domestic Shorthair,Light/Medium
A705770,*Lucy Fox,6/21/15 11:41,Owner Surrender,Normal,Dog,Spayed Female,5 years,Chihuahua Shorthair Mix,Tan,Toy,Medium
A687689,Buddha,6/22/15 14:06,Owner Surrender,Normal,Dog,Intact Male,11 months,American Bulldog Mix,White/Brown,Non-Sporting,Light/Medium
A705920,*Dancer,6/22/15 16:13,Stray,Normal,Dog,Intact Female,11 months,Pit Bull/Labrador Retriever,Black/White,Pit Bull,Dark/Light
A705938,Baby Bella,6/22/15 17:49,Stray,Normal,Dog,Intact Female,1 month,Chihuahua Shorthair Mix,Black/White,Toy,Dark/Light
A705941,*Anthony,6/22/15 18:29,Stray,Normal,Dog,Intact Male,1 year,American Staffordshire Terrier Mix,Fawn/White,Terrier,Light
A705950,*Desmond,6/23/15 1:01,Stray,Normal,Dog,Intact Male,2 years,Pit Bull Mix,Blue/White,Pit Bull,Medium/Light
A693938,King,6/23/15 13:12,Stray,Normal,Dog,Neutered Male,8 months,Beagle Mix,Tan/White,Hound,Medium/Light
A705368,*Maggie May,6/23/15 14:53,Stray,Normal,Dog,Intact Female,10 months,American Staffordshire Terrier Mix,Black Brindle/White,Terrier,Tricolor
A552796,Jd,6/24/15 11:18,Owner Surrender,Normal,Dog,Neutered Male,7 years,Pit Bull Mix,Black/White,Pit Bull,Dark/Light
A706138,Jerry,6/25/15 11:40,Stray,Normal,Cat,Intact Female,1 month,Domestic Longhair Mix,Black/White,Domestic Longhair,Dark/Light
A706049,Debo,6/25/15 13:56,Public Assist,Normal,Dog,Intact Male,1 year,Labrador Retriever,Black,Sporting,Dark
A706199,*Ronan,6/26/15 10:44,Stray,Normal,Dog,Intact Male,5 years,American Pit Bull Terrier Mix,Chocolate/White,Terrier,Dark/Light
A706207,Jake,6/26/15 11:20,Stray,Normal,Dog,Neutered Male,4 years,Labrador Retriever Mix,Yellow,Sporting,Light
A706211,*Mandarin,6/26/15 11:44,Stray,Normal,Cat,Intact Male,1 month,Domestic Shorthair Mix,Orange Tabby,Domestic Shorthair,Medium
A706212,*Giselle,6/26/15 11:44,Stray,Normal,Cat,Intact Female,1 month,Domestic Shorthair Mix,Cream Tabby,Domestic Shorthair,Light/Medium
A706213,*Graham,6/26/15 11:44,Stray,Normal,Cat,Intact Male,1 month,Domestic Shorthair Mix,Black,Domestic Shorthair,Dark
A706248,Buda,6/26/15 14:59,Stray,Normal,Dog,Intact Male,4 months,Pit Bull Mix,Blue/White,Pit Bull,Medium/Light
A706297,*Katie,6/27/15 11:13,Stray,Normal,Dog,Spayed Female,7 years,Labrador Retriever Mix,Black/White,Sporting,Dark/Light
A706334,*Ace,6/27/15 14:56,Stray,Normal,Dog,Intact Male,2 years,Staffordshire Mix,White/Black,Terrier,Light/Dark
A706356,Raider,6/27/15 16:51,Stray,Normal,Dog,Neutered Male,14 years,Basset Hound Mix,White/Brown,Hound,Light/Medium
A706358,*Amelia,6/27/15 17:29,Stray,Normal,Cat,Intact Female,2 months,Domestic Shorthair Mix,Orange Tabby,Domestic Shorthair,Medium
A696718,Myrtle,6/28/15 8:30,Stray,Injured,Dog,Spayed Female,1 year,Pit Bull Mix,Tan,Pit Bull,Medium
A623561,Marley,6/28/15 11:43,Stray,Normal,Dog,Neutered Male,6 years,Pit Bull Mix,Blue/White,Pit Bull,Medium/Light
A706381,Patti,6/28/15 12:31,Stray,Normal,Cat,Intact Female,1 month,Domestic Shorthair Mix,Torbie,Domestic Shorthair,Medium/Dark
A706392,*Ozzy,6/28/15 13:27,Stray,Normal,Cat,Neutered Male,4 weeks,Domestic Medium Hair Mix,Blue Tabby/White,Domestic Medium Hair,Medium/Light
A706393,*Charles,6/28/15 13:27,Stray,Normal,Cat,Intact Male,4 weeks,Domestic Medium Hair Mix,Blue Tabby/White,Domestic Medium Hair,Medium/Light
A706413,Gizmo,6/28/15 15:57,Owner Surrender,Normal,Dog,Neutered Male,8 years,German Shepherd Mix,Brown,Herding,Medium
A706441,*Rupert,6/28/15 20:22,Stray,Normal,Dog,Intact Male,1 year,Australian Cattle Dog Mix,Tricolor,Herding,Tricolor
A706461,*Squid,6/29/15 12:08,Stray,Normal,Dog,Neutered Male,2 years,Pit Bull Mix,Brown,Pit Bull,Medium
A706513,*Becky,6/29/15 17:34,Stray,Normal,Dog,Intact Female,2 years,Pit Bull Mix,Black/White,Pit Bull,Dark/Light
A704211,Sage,6/29/15 19:18,Stray,Normal,Dog,Spayed Female,3 years,German Shepherd/Labrador Retriever,Buff,Herding,Light
A706536,Butch,6/30/15 10:55,Public Assist,Normal,Dog,Neutered Male,5 years,English Bulldog,Tan/White,Non-Sporting,Medium/Light
A706536,Butch,6/30/15 10:55,Public Assist,Normal,Dog,Neutered Male,5 years,English Bulldog,Tan/White,Non-Sporting,Medium/Light
A706536,Butch,6/30/15 10:55,Public Assist,Normal,Dog,Neutered Male,5 years,English Bulldog,Tan/White,Non-Sporting,Medium/Light
A706536,Butch,6/30/15 10:55,Public Assist,Normal,Dog,Neutered Male,5 years,English Bulldog,Tan/White,Non-Sporting,Medium/Light
A706539,Lumos,6/30/15 11:10,Owner Surrender,Normal,Cat,Neutered Male,6 years,Domestic Medium Hair Mix,Brown Tabby/White,Domestic Medium Hair,Medium/Light
A701696,Hurricane,6/30/15 12:57,Owner Surrender,Normal,Dog,Spayed Female,5 years,Jack Russell Terrier Mix,Brown/White,Terrier,Medium/Light
A701696,Hurricane,6/30/15 12:57,Owner Surrender,Normal,Dog,Spayed Female,5 years,Jack Russell Terrier Mix,Brown/White,Terrier,Medium/Light
A706598,*Mr Eddy,6/30/15 18:40,Stray,Normal,Dog,Neutered Male,10 years,Miniature Poodle/Pomeranian,Black,Non-Sporting,Dark
A706605,*Tina,6/30/15 22:08,Owner Surrender,Normal,Dog,Intact Female,11 months,Black Mouth Cur Mix,Brown/Black,Herding,Medium/Dark
A706612,Vivi,6/30/15 22:08,Owner Surrender,Normal,Dog,Intact Female,1 month,Australian Shepherd Mix,Buff,Herding,Light
A706641,*Evie,7/1/15 12:14,Stray,Normal,Cat,Intact Female,1 month,Domestic Shorthair Mix,Brown Tabby,Domestic Shorthair,Medium/Light
A706675,*Veronica,7/1/15 18:48,Stray,Normal,Cat,Intact Female,3 weeks,Domestic Shorthair Mix,Black,Domestic Shorthair,Dark
A706673,*Luis,7/1/15 18:49,Stray,Normal,Cat,Intact Male,1 month,Domestic Shorthair Mix,Brown Tabby,Domestic Shorthair,Medium/Light
A706689,Karen,7/2/15 9:47,Stray,Normal,Dog,Intact Female,1 year,Catahoula/Labrador Retriever,Blue Merle,Herding,Light/Medium
A706697,*Toby,7/2/15 11:21,Stray,Normal,Cat,Intact Male,2 months,Domestic Shorthair Mix,Orange Tabby,Domestic Shorthair,Medium
A706766,*Radar,7/3/15 11:10,Stray,Normal,Cat,Neutered Male,2 years,Domestic Shorthair Mix,White/Orange Tabby,Domestic Shorthair,Light/Medium
A706771,Molly,7/3/15 11:35,Owner Surrender,Normal,Dog,Intact Female,2 years,Staffordshire Mix,Black,Terrier,Dark
A706772,Purp,7/3/15 11:35,Owner Surrender,Normal,Dog,Intact Female,2 years,Pit Bull Mix,Chocolate/White,Pit Bull,Dark/Light
A706807,*Summer,7/3/15 15:41,Stray,Normal,Cat,Intact Female,2 years,Domestic Shorthair Mix,Brown Tabby,Domestic Shorthair,Medium/Light
A659904,Bella,7/3/15 18:49,Stray,Normal,Dog,Spayed Female,6 years,Catahoula/American Pit Bull Terrier,White/Brown,Terrier,Light/Medium
A706870,*Tigger,7/4/15 12:34,Owner Surrender,Sick,Cat,Neutered Male,5 years,Domestic Shorthair Mix,Orange Tabby/White,Domestic Shorthair,Medium/Light
A706874,Maya,7/4/15 12:49,Stray,Normal,Dog,Spayed Female,2 years,Australian Shepherd/Border Collie,Blue Merle/White,Herding,Light/Medium
A706875,Milo,7/4/15 12:56,Stray,Normal,Dog,Intact Male,4 years,Pit Bull Mix,Blue/White,Pit Bull,Medium/Light
A706897,*Bjorn,7/5/15 10:44,Stray,Normal,Dog,Intact Male,5 years,Pit Bull Mix,Brown/White,Pit Bull,Medium/Light
A706906,*Poe,7/5/15 11:24,Stray,Normal,Cat,Intact Male,1 month,Domestic Shorthair Mix,Black,Domestic Shorthair,Dark
A601482,Pepe,7/5/15 13:11,Stray,Normal,Dog,Neutered Male,7 years,Chow Chow/Australian Cattle Dog,Tan/Black,Non-Sporting,Medium/Dark
A706928,Calvert,7/5/15 13:17,Stray,Normal,Cat,Neutered Male,4 years,Domestic Shorthair Mix,Brown Tabby,Domestic Shorthair,Medium/Light
A706893,*Corina,7/5/15 14:48,Stray,Aged,Dog,Intact Female,5 years,Pit Bull Mix,Brown Brindle,Pit Bull,Medium
A672136,Chica,7/5/15 20:23,Stray,Normal,Dog,Spayed Female,2 years,Pit Bull/Boxer,Red/White,Pit Bull,Medium/Light
A706951,*Chomps,7/6/15 0:26,Stray,Normal,Dog,Intact Male,2 years,Pit Bull Mix,Brown Brindle/White,Pit Bull,Medium/Light
A706977,*Darby,7/6/15 12:34,Stray,Normal,Other,Intact Male,1 year,Rabbit Sh Mix,Orange/Black,Unknown,Medium/Dark
A707012,*Rosevelt,7/6/15 15:57,Stray,Normal,Other,Intact Male,2 years,New Zealand Wht Mix,White/Black,Unknown,Light/Dark
A707047,Mick,7/7/15 11:44,Stray,Normal,Cat,Intact Male,3 weeks,Domestic Shorthair Mix,Black,Domestic Shorthair,Dark
A707048,Charlie,7/7/15 11:44,Stray,Normal,Cat,Intact Male,3 weeks,Domestic Shorthair Mix,Black,Domestic Shorthair,Dark
A707049,Ron,7/7/15 11:44,Stray,Normal,Cat,Intact Male,3 weeks,Domestic Shorthair Mix,Black,Domestic Shorthair,Dark
A707050,Charlie,7/7/15 11:44,Stray,Normal,Cat,Intact Male,3 weeks,Domestic Shorthair Mix,Black,Domestic Shorthair,Dark
A707051,*Lina,7/7/15 11:44,Stray,Normal,Cat,Intact Female,1 year,Domestic Shorthair Mix,Black,Domestic Shorthair,Dark
A707069,*Cally,7/7/15 13:26,Stray,Normal,Cat,Intact Female,1 month,Domestic Shorthair Mix,Tortie,Domestic Shorthair,Dark/Medium
A588601,Jackie,7/7/15 14:52,Stray,Normal,Dog,Spayed Female,6 years,Australian Cattle Dog Mix,Blue Merle/White,Herding,Light/Medium
A588601,Jackie,7/7/15 14:52,Stray,Normal,Dog,Spayed Female,6 years,Australian Cattle Dog Mix,Blue Merle/White,Herding,Light/Medium
A707046,Jameson,7/7/15 16:17,Public Assist,Normal,Dog,Neutered Male,3 years,Siberian Husky Mix,White/White,Working,Light
A707093,Chase,7/7/15 16:37,Stray,Normal,Dog,Intact Male,2 years,Bichon Frise Mix,White,Toy,Light
A707114,Terri,7/8/15 11:03,Stray,Normal,Dog,Intact Male,1 year,American Staffordshire Terrier Mix,White/Brown Brindle,Terrier,Light/Medium
A707116,Heidi,7/8/15 11:31,Stray,Normal,Dog,Intact Female,1 year,Labrador Retriever/Chinese Sharpei,White/Brown,Sporting,Light/Medium
A702481,Winnie,7/8/15 11:39,Owner Surrender,Normal,Dog,Spayed Female,3 years,Australian Shepherd Mix,Brown/White,Herding,Medium/Light
A707119,Maxwell,7/8/15 11:56,Stray,Normal,Dog,Intact Male,2 years,Pit Bull Mix,Brown Brindle/White,Pit Bull,Medium/Light
A707129,Manchas,7/8/15 12:53,Stray,Normal,Dog,Intact Male,11 months,Smooth Fox Terrier Mix,White/Brown,Terrier,Light/Medium
A707160,Snoop,7/8/15 18:00,Stray,Normal,Cat,Intact Female,1 month,Domestic Shorthair Mix,Black Smoke,Domestic Shorthair,Dark
A707163,Biggie,7/8/15 18:00,Stray,Normal,Cat,Intact Female,1 month,Domestic Medium Hair Mix,Tortie/Black Smoke,Domestic Medium Hair,Dark/Medium
A707174,*Pluto,7/9/15 10:49,Stray,Normal,Dog,Intact Male,1 month,Plott Hound Mix,Brown Brindle/Black,Hound,Medium/Dark
A707184,*Smudge,7/9/15 12:39,Stray,Normal,Cat,Intact Male,1 month,Domestic Shorthair Mix,White/Gray,Domestic Shorthair,Light/Medium
A707186,*Misty,7/9/15 12:39,Stray,Normal,Cat,Intact Female,1 month,Domestic Medium Hair Mix,Blue Tabby,Domestic Medium Hair,Medium/Light
A707187,*Sweetness,7/9/15 12:39,Stray,Normal,Cat,Intact Female,1 month,Domestic Medium Hair Mix,Black,Domestic Medium Hair,Dark
A707188,*Slate,7/9/15 12:39,Stray,Normal,Cat,Intact Male,1 month,Domestic Shorthair Mix,Blue Tabby,Domestic Shorthair,Medium/Light
A658920,Scotty,7/9/15 13:45,Euthanasia Request,Normal,Dog,Neutered Male,7 years,Miniature Poodle Mix,White,Non-Sporting,Light
A707231,*Conor,7/10/15 8:13,Stray,Sick,Cat,Intact Male,2 months,Siamese Mix,Flame Point,Siamese,Light
A701956,*Davis,7/10/15 11:41,Stray,Normal,Cat,Spayed Female,10 months,Domestic Shorthair Mix,Brown Tabby,Domestic Shorthair,Medium/Light
A707251,Honey Bunny,7/10/15 13:23,Owner Surrender,Normal,Other,Intact Male,1 year,Dutch Mix,Black/White,Unknown,Dark/Light
A707253,Goowa,7/10/15 13:54,Public Assist,Normal,Dog,Intact Male,3 years,Pit Bull Mix,Apricot/Brown,Pit Bull,Light/Medium
A707264,*Mac,7/10/15 16:23,Stray,Normal,Dog,Intact Male,7 years,Pit Bull Mix,Brown Brindle,Pit Bull,Medium
A707301,*Barnaby,7/11/15 11:42,Stray,Injured,Dog,Intact Male,1 year,Pit Bull Mix,Brown,Pit Bull,Medium
A707317,*Theo,7/11/15 12:16,Stray,Normal,Dog,Neutered Male,1 year,Labrador Retriever/Chow Chow,Brown,Sporting,Medium
A702922,Lili,7/11/15 13:54,Public Assist,Normal,Dog,Spayed Female,1 year,Chihuahua Shorthair/Swedish Vallhund,Brown/Black,Toy,Medium/Dark
A707353,Cooper,7/11/15 15:33,Stray,Injured,Cat,Intact Male,2 months,Domestic Longhair Mix,Black,Domestic Longhair,Dark
A707375,*Candy Cane,7/11/15 18:19,Stray,Normal,Dog,Intact Female,5 months,Pit Bull,Brown/White,Pit Bull,Medium/Light
A707384,*Firecracker,7/12/15 11:03,Stray,Normal,Dog,Intact Female,1 year,Pit Bull Mix,White/Black,Pit Bull,Light/Dark
A707384,*Firecracker,7/12/15 11:03,Stray,Normal,Dog,Intact Female,1 year,Pit Bull Mix,White/Black,Pit Bull,Light/Dark
A704526,Lucy,7/12/15 12:23,Stray,Normal,Dog,Spayed Female,6 months,Pointer Mix,White/Brown,Sporting,Light/Medium
A707409,Leia,7/12/15 14:23,Stray,Normal,Dog,Intact Female,4 months,German Shepherd Mix,Black/Tan,Herding,Dark/Medium
A707409,Leia,7/12/15 14:23,Stray,Normal,Dog,Intact Female,4 months,German Shepherd Mix,Black/Tan,Herding,Dark/Medium
A707434,Choni,7/13/15 11:17,Stray,Normal,Dog,Intact Male,2 years,Chihuahua Shorthair Mix,Tan,Toy,Medium
A707435,Thelma,7/13/15 11:22,Stray,Normal,Dog,Intact Female,2 months,German Shorthair Pointer Mix,Liver Tick,Herding,Light/Medium
A707440,Dro,7/13/15 11:33,Stray,Normal,Dog,Intact Male,1 year,Staffordshire Mix,Blue/White,Terrier,Medium/Light
A707457,*J Lo,7/13/15 12:41,Stray,Normal,Cat,Intact Female,1 month,Domestic Longhair Mix,Black,Domestic Longhair,Dark
A707486,*Lilly,7/13/15 15:03,Stray,Normal,Cat,Intact Female,0 years,Domestic Shorthair Mix,Tortie,Domestic Shorthair,Dark/Medium
A707487,*Rabbit,7/13/15 15:03,Stray,Normal,Cat,Intact Female,0 years,Domestic Shorthair Mix,Tortie,Domestic Shorthair,Dark/Medium
A707488,,7/13/15 15:03,Stray,Normal,Cat,Intact Female,0 years,Domestic Shorthair Mix,Tortie,Domestic Shorthair,Dark/Medium
A707489,*Marigold,7/13/15 15:03,Stray,Normal,Cat,Intact Female,0 years,Domestic Shorthair Mix,Tortie,Domestic Shorthair,Dark/Medium
A707899,*Luigi,7/13/15 15:03,Stray,Normal,Cat,Intact Male,0 years,Domestic Shorthair Mix,Black,Domestic Shorthair,Dark
A707900,*Mario,7/13/15 15:03,Stray,Normal,Cat,Intact Male,0 years,Domestic Shorthair Mix,Black,Domestic Shorthair,Dark
A707901,*Binx,7/13/15 15:03,Stray,Normal,Cat,Intact Male,0 years,Domestic Shorthair Mix,Black,Domestic Shorthair,Dark
A707567,*Kong,7/14/15 18:02,Stray,Normal,Other,Neutered Male,1 year,Rabbit Sh Mix,Black,Unknown,Dark
A633545,Sugar,7/15/15 3:02,Stray,Normal,Dog,Spayed Female,6 years,Staffordshire Mix,White,Terrier,Light
A707114,Terri,7/15/15 8:22,Stray,Normal,Dog,Neutered Male,1 year,American Staffordshire Terrier Mix,White/Brown Brindle,Terrier,Light/Medium
A631433,Meathead,7/15/15 10:37,Public Assist,Normal,Dog,Neutered Male,7 years,Pit Bull/Catahoula,White/Blue Merle,Pit Bull,Light/Medium
A631433,Meathead,7/15/15 10:37,Public Assist,Normal,Dog,Neutered Male,7 years,Pit Bull/Catahoula,White/Blue Merle,Pit Bull,Light/Medium
A707609,Libby,7/15/15 11:20,Stray,Normal,Dog,Intact Female,3 years,Black Mouth Cur/Australian Cattle Dog,Tan/White,Herding,Medium/Light
A707642,*Luke,7/15/15 14:53,Stray,Normal,Dog,Intact Male,1 year,Pit Bull Mix,Brown Brindle/White,Pit Bull,Medium/Light
A707656,*Niko,7/15/15 17:32,Stray,Normal,Dog,Intact Female,2 years,Manchester Terrier Mix,Chocolate/White,Terrier,Dark/Light
A707666,Skoll,7/15/15 18:45,Stray,Normal,Cat,Intact Male,2 weeks,Domestic Shorthair Mix,Blue Tabby/White,Domestic Shorthair,Medium/Light
A707709,*Marcus,7/16/15 16:56,Stray,Normal,Cat,Intact Male,1 weeks,Domestic Shorthair Mix,Brown Tabby/White,Domestic Shorthair,Medium/Light
A707710,,7/16/15 16:56,Stray,Normal,Cat,Intact Male,1 weeks,Domestic Shorthair Mix,Silver Tabby,Domestic Shorthair,Medium/Dark
A707711,*Rosie,7/16/15 16:56,Stray,Normal,Cat,Intact Female,1 weeks,Domestic Shorthair Mix,Brown Tabby,Domestic Shorthair,Medium/Light
A707712,*Jenny,7/16/15 16:56,Stray,Normal,Cat,Intact Female,1 weeks,Domestic Shorthair Mix,Brown Tabby/White,Domestic Shorthair,Medium/Light
A707713,*Katy,7/16/15 16:56,Stray,Normal,Cat,Intact Female,1 weeks,Abyssinian Mix,Brown Tabby,Exotic,Medium/Light
A707739,*Frida,7/17/15 7:19,Owner Surrender,Feral,Cat,Intact Female,4 years,Domestic Shorthair Mix,Blue,Domestic Shorthair,Medium
A707750,*Dill,7/17/15 12:00,Stray,Normal,Cat,Intact Male,1 month,Domestic Shorthair Mix,Brown Tabby/White,Domestic Shorthair,Medium/Light
A707758,*Deee-Lite,7/17/15 14:02,Owner Surrender,Normal,Dog,Spayed Female,5 years,American Bulldog Mix,White/Brown,Non-Sporting,Light/Medium
A707762,Cecil,7/17/15 14:21,Stray,Injured,Cat,Intact Male,2 years,Domestic Medium Hair Mix,Orange Tabby/White,Domestic Medium Hair,Medium/Light
A707779,Roo,7/17/15 15:57,Stray,Normal,Dog,Spayed Female,7 months,Chihuahua Shorthair/Jack Russell Terrier,Tricolor,Terrier,Tricolor
A707780,Oreo,7/17/15 15:57,Stray,Normal,Dog,Neutered Male,7 months,Chihuahua Shorthair/Jack Russell Terrier,Black/White,Terrier,Dark/Light
A707781,Pearl,7/17/15 15:57,Stray,Normal,Dog,Spayed Female,7 months,Chihuahua Shorthair/Jack Russell Terrier,Black/White,Terrier,Dark/Light
A707801,*Oz,7/18/15 11:44,Stray,Normal,Cat,Intact Male,2 months,Domestic Shorthair Mix,Cream Tabby/White,Domestic Shorthair,Light/Medium
A707811,*Pinto,7/18/15 13:02,Stray,Normal,Dog,Intact Male,5 years,Chihuahua Shorthair Mix,White/Brown,Toy,Light/Medium
A707825,Rocco,7/18/15 14:57,Owner Surrender,Normal,Cat,Neutered Male,8 years,Domestic Shorthair Mix,Brown Tabby,Domestic Shorthair,Medium/Light
A707853,*Mandarin,7/19/15 0:50,Stray,Normal,Cat,Intact Male,1 month,Domestic Shorthair Mix,Orange Tabby,Domestic Shorthair,Medium
A329502,Gizmo,7/19/15 12:54,Stray,Normal,Dog,Neutered Male,16 years,Chihuahua Shorthair,Brown,Toy,Medium
A672679,Mellie,7/19/15 15:51,Owner Surrender,Normal,Dog,Spayed Female,4 years,Labrador Retriever/Boxer,Black/White,Sporting,Dark/Light
A707896,*Tokyo,7/19/15 16:11,Stray,Normal,Cat,Intact Male,2 years,Domestic Shorthair Mix,Brown Tabby,Domestic Shorthair,Medium/Light
A693283,Maximus,7/20/15 8:10,Stray,Normal,Dog,Neutered Male,2 years,Pit Bull Mix,Tan,Pit Bull,Medium
A706536,Butch,7/20/15 10:19,Public Assist,Normal,Dog,Neutered Male,5 years,English Bulldog,Tan/White,Non-Sporting,Medium/Light
A706536,Butch,7/20/15 10:19,Public Assist,Normal,Dog,Neutered Male,5 years,English Bulldog,Tan/White,Non-Sporting,Medium/Light
A706536,Butch,7/20/15 10:19,Public Assist,Normal,Dog,Neutered Male,5 years,English Bulldog,Tan/White,Non-Sporting,Medium/Light
A706536,Butch,7/20/15 10:19,Public Assist,Normal,Dog,Neutered Male,5 years,English Bulldog,Tan/White,Non-Sporting,Medium/Light
A707914,Brisket,7/20/15 10:28,Stray,Normal,Dog,Intact Male,1 month,Toy Fox Terrier Mix,Brown/White,Terrier,Medium/Light
A707975,,7/20/15 18:13,Stray,Normal,Cat,Intact Male,3 weeks,Domestic Shorthair Mix,Blue/White,Domestic Shorthair,Medium/Light
A707976,,7/20/15 18:13,Stray,Normal,Cat,Intact Female,3 weeks,Domestic Shorthair Mix,Blue Tabby,Domestic Shorthair,Medium/Light
A707977,Mia,7/20/15 18:13,Stray,Normal,Cat,Intact Female,3 weeks,Domestic Shorthair Mix,Blue Tabby,Domestic Shorthair,Medium/Light
A707978,*Jenna,7/20/15 18:13,Stray,Normal,Cat,Intact Female,3 weeks,Domestic Shorthair Mix,Blue Tabby,Domestic Shorthair,Medium/Light
A707979,,7/20/15 18:13,Stray,Normal,Cat,Intact Male,3 weeks,Siamese Mix,Lynx Point,Siamese,Light/Medium
A707980,,7/20/15 18:13,Stray,Normal,Cat,Intact Male,3 weeks,Siamese Mix,Lynx Point,Siamese,Light/Medium
A707985,*Annie Lou,7/20/15 20:26,Stray,Normal,Dog,Intact Female,1 year,Boxer Mix,White/Black,Working,Light/Dark
A462580,Chico,7/20/15 23:36,Public Assist,Normal,Dog,Neutered Male,10 years,Pit Bull,Brown Brindle/White,Pit Bull,Medium/Light
A708009,Noche,7/21/15 13:03,Stray,Normal,Dog,Intact Male,1 year,Labrador Retriever Mix,Black,Sporting,Dark
A708050,*Chip,7/22/15 7:43,Stray,Injured,Dog,Intact Male,6 months,Labrador Retriever Mix,Chocolate,Sporting,Dark
A708063,*Gladys,7/22/15 11:14,Owner Surrender,Normal,Cat,Spayed Female,9 years,Domestic Shorthair Mix,Brown Tabby,Domestic Shorthair,Medium/Light
A708065,*Mickey,7/22/15 11:44,Stray,Normal,Dog,Intact Male,9 months,Australian Kelpie Mix,Brown Brindle/White,Working,Medium/Light
A708081,Nickels,7/22/15 13:58,Owner Surrender,Normal,Cat,Neutered Male,2 years,Domestic Shorthair Mix,Blue Tabby/White,Domestic Shorthair,Medium/Light
A708091,Bee-Boh,7/22/15 15:52,Owner Surrender,Normal,Cat,Intact Female,1 year,Domestic Shorthair Mix,Black,Domestic Shorthair,Dark
A707093,Chase,7/23/15 13:01,Public Assist,Normal,Dog,Neutered Male,2 years,Bichon Frise Mix,White,Toy,Light
A708134,*Velo,7/23/15 13:40,Stray,Normal,Cat,Intact Male,1 month,Domestic Shorthair Mix,Black,Domestic Shorthair,Dark
A703723,Brindlee,7/23/15 14:40,Owner Surrender,Normal,Dog,Spayed Female,2 years,Pit Bull/Pointer,Brown Brindle/White,Pit Bull,Medium/Light
A703723,Brindlee,7/23/15 14:40,Owner Surrender,Normal,Dog,Spayed Female,2 years,Pit Bull/Pointer,Brown Brindle/White,Pit Bull,Medium/Light
A708152,*Laurena,7/23/15 14:59,Stray,Normal,Cat,Intact Female,1 weeks,Domestic Medium Hair Mix,Blue Tabby/White,Domestic Medium Hair,Medium/Light
A708153,*Lancelot,7/23/15 14:59,Stray,Normal,Cat,Intact Male,2 weeks,Domestic Medium Hair Mix,Brown Tabby/White,Domestic Medium Hair,Medium/Light
A708154,*Lucy,7/23/15 14:59,Stray,Normal,Cat,Intact Female,1 year,Domestic Medium Hair Mix,Brown Tabby/White,Domestic Medium Hair,Medium/Light
A708191,Baby,7/24/15 11:02,Owner Surrender,Normal,Cat,Spayed Female,1 year,Domestic Shorthair Mix,Black,Domestic Shorthair,Dark
A708230,Spike,7/24/15 13:53,Stray,Normal,Dog,Intact Male,2 years,Basset Hound Mix,White/Black,Hound,Light/Dark
A705423,*Bronco,7/26/15 11:23,Owner Surrender,Normal,Dog,Neutered Male,5 months,German Shepherd/Labrador Retriever,Black/White,Herding,Dark/Light
A708364,,7/26/15 15:16,Stray,Normal,Cat,Intact Male,5 months,Domestic Shorthair Mix,Brown Tabby,Domestic Shorthair,Medium/Light
A610067,Mr Orange,7/26/15 16:39,Public Assist,Normal,Cat,Neutered Male,8 years,Domestic Shorthair Mix,Orange Tabby,Domestic Shorthair,Medium
A708393,*Matilda,7/27/15 12:47,Stray,Normal,Dog,Intact Female,2 years,Catahoula Mix,Brown Merle,Herding,Light/Medium
A708394,Bevo,7/27/15 12:47,Stray,Normal,Dog,Neutered Male,8 years,Chow Chow Mix,Brown/Black,Non-Sporting,Medium/Dark
A708397,Gizmo,7/27/15 13:41,Owner Surrender,Normal,Cat,Neutered Male,6 years,Domestic Shorthair Mix,Brown Tabby,Domestic Shorthair,Medium/Light
A708411,Bravi,7/27/15 15:16,Owner Surrender,Normal,Dog,Intact Male,2 years,Carolina Dog Mix,Red/White,Non-Sporting,Medium/Light
A706536,Butch,7/27/15 16:02,Public Assist,Normal,Dog,Neutered Male,5 years,English Bulldog,Tan/White,Non-Sporting,Medium/Light
A706536,Butch,7/27/15 16:02,Public Assist,Normal,Dog,Neutered Male,5 years,English Bulldog,Tan/White,Non-Sporting,Medium/Light
A706536,Butch,7/27/15 16:02,Public Assist,Normal,Dog,Neutered Male,5 years,English Bulldog,Tan/White,Non-Sporting,Medium/Light
A706536,Butch,7/27/15 16:02,Public Assist,Normal,Dog,Neutered Male,5 years,English Bulldog,Tan/White,Non-Sporting,Medium/Light
A693320,Asuna,7/27/15 16:06,Owner Surrender,Normal,Cat,Spayed Female,6 years,Domestic Shorthair Mix,Black,Domestic Shorthair,Dark
A708430,*Fern,7/27/15 17:20,Stray,Normal,Cat,Intact Female,1 year,Domestic Longhair Mix,Black,Domestic Longhair,Dark
A708431,*Jean,7/27/15 17:20,Stray,Normal,Cat,Intact Female,2 days,Domestic Shorthair Mix,Black,Domestic Shorthair,Dark
A708432,*Jillian,7/27/15 17:20,Stray,Normal,Cat,Intact Female,2 days,Domestic Shorthair Mix,Black,Domestic Shorthair,Dark
A708433,*Junior,7/27/15 17:20,Stray,Normal,Cat,Intact Male,2 days,Domestic Shorthair Mix,Black,Domestic Shorthair,Dark
A708434,*Jonesy,7/27/15 17:20,Stray,Normal,Cat,Intact Male,2 days,Domestic Shorthair Mix,Brown Tabby,Domestic Shorthair,Medium/Light
A708435,Gertie,7/27/15 17:20,Stray,Normal,Cat,Intact Female,2 days,Siamese,Seal Point,Siamese,Light/Dark
A708485,*Snickers,7/28/15 11:58,Stray,Normal,Cat,Spayed Female,2 months,Domestic Shorthair Mix,Tortie,Domestic Shorthair,Dark/Medium
A708487,*Kit Kat,7/28/15 11:58,Stray,Normal,Cat,Neutered Male,2 months,Domestic Shorthair Mix,Orange Tabby,Domestic Shorthair,Medium
A708496,*Stella,7/28/15 13:55,Stray,Nursing,Cat,Intact Female,2 years,Domestic Shorthair Mix,Brown Tabby/White,Domestic Shorthair,Medium/Light
A708499,*Junie,7/28/15 13:55,Stray,Nursing,Cat,Intact Female,0 years,Domestic Shorthair Mix,White/Brown Tabby,Domestic Shorthair,Light/Medium
A708514,*Tyra,7/28/15 17:55,Stray,Normal,Cat,Intact Female,4 months,Domestic Shorthair Mix,Black,Domestic Shorthair,Dark
A708518,Merce,7/28/15 18:50,Stray,Normal,Cat,Neutered Male,2 years,Domestic Shorthair Mix,Orange Tabby,Domestic Shorthair,Medium
A699731,Mugsy,7/29/15 7:18,Owner Surrender,Normal,Cat,Neutered Male,7 years,Domestic Shorthair Mix,Black/White,Domestic Shorthair,Dark/Light
A699731,Mugsy,7/29/15 7:18,Owner Surrender,Normal,Cat,Neutered Male,7 years,Domestic Shorthair Mix,Black/White,Domestic Shorthair,Dark/Light
A708544,*O'Malley,7/29/15 11:48,Stray,Normal,Dog,Intact Male,2 years,Bull Terrier Mix,Fawn/White,Terrier,Light
A689705,Tux,7/29/15 12:59,Owner Surrender,Normal,Dog,Neutered Male,1 year,Pit Bull Mix,Black/White,Pit Bull,Dark/Light
A708593,Bree,7/29/15 14:47,Owner Surrender,Sick,Cat,Spayed Female,5 years,Domestic Shorthair Mix,Brown Tabby,Domestic Shorthair,Medium/Light
A708614,Capote,7/29/15 16:00,Owner Surrender,Normal,Cat,Neutered Male,5 years,Domestic Medium Hair Mix,White/Brown Tabby,Domestic Medium Hair,Light/Medium
A371000,Greg,7/29/15 16:07,Public Assist,Normal,Cat,Neutered Male,10 years,Domestic Shorthair Mix,Blue/White,Domestic Shorthair,Medium/Light
A708619,*Hyla,7/29/15 16:24,Owner Surrender,Normal,Cat,Intact Female,1 year,Domestic Shorthair Mix,Tortie,Domestic Shorthair,Dark/Medium
A708629,Frankie,7/29/15 16:48,Stray,Normal,Dog,Intact Female,2 years,Labrador Retriever/Catahoula,Brown/White,Sporting,Medium/Light
A708629,Frankie,7/29/15 16:48,Stray,Normal,Dog,Intact Female,2 years,Labrador Retriever/Catahoula,Brown/White,Sporting,Medium/Light
A646776,Hercules,7/29/15 18:51,Public Assist,Normal,Dog,Intact Male,3 years,German Shepherd,Black/Tan,Herding,Dark/Medium
A708644,*Autumn,7/29/15 22:49,Stray,Nursing,Cat,Intact Female,2 years,Domestic Shorthair Mix,Tortie,Domestic Shorthair,Dark/Medium
A708645,*Spring,7/29/15 22:49,Stray,Nursing,Cat,Intact Female,2 weeks,Domestic Shorthair Mix,Black,Domestic Shorthair,Dark
A708646,*Summer,7/29/15 22:49,Stray,Nursing,Cat,Intact Female,2 weeks,Domestic Shorthair Mix,Brown Tabby,Domestic Shorthair,Medium/Light
A708697,*Ashleigh,7/30/15 13:27,Stray,Normal,Dog,Intact Female,2 years,Boxer Mix,Brown Brindle/White,Working,Medium/Light
A708704,*Q.T.,7/30/15 14:03,Stray,Normal,Cat,Intact Female,4 weeks,Domestic Shorthair Mix,Black,Domestic Shorthair,Dark
A708716,*Buster,7/30/15 15:47,Public Assist,Normal,Dog,Intact Male,6 months,Rottweiler Mix,Tricolor,Working,Tricolor
A708737,Maverick,7/30/15 18:50,Stray,Normal,Dog,Intact Male,2 years,German Shepherd/Anatol Shepherd,Sable,Herding,Medium/Dark
A708737,Maverick,7/30/15 18:50,Stray,Normal,Dog,Intact Male,2 years,German Shepherd/Anatol Shepherd,Sable,Herding,Medium/Dark
A708738,*Sweet Tart,7/30/15 18:59,Stray,Nursing,Cat,Intact Female,1 year,Domestic Shorthair Mix,Calico,Domestic Shorthair,Tricolor
A708740,*Twix,7/30/15 18:59,Stray,Nursing,Cat,Intact Female,2 weeks,Domestic Shorthair Mix,Black/White,Domestic Shorthair,Dark/Light
A708741,*Kit Kat,7/30/15 18:59,Stray,Nursing,Cat,Intact Female,2 weeks,Domestic Shorthair Mix,Black/White,Domestic Shorthair,Dark/Light
A708777,Emma,7/31/15 13:40,Stray,Normal,Dog,Intact Female,3 years,Chihuahua Shorthair/Manchester Terrier,Black/Brown,Terrier,Dark/Medium
A708812,Munchkin,8/1/15 11:07,Owner Surrender,Normal,Cat,Spayed Female,1 year,Domestic Shorthair Mix,White,Domestic Shorthair,Light
A708814,Rosebud,8/1/15 11:07,Owner Surrender,Normal,Cat,Spayed Female,4 years,Domestic Shorthair Mix,Black,Domestic Shorthair,Dark
A708815,*Clark,8/1/15 11:28,Stray,Normal,Dog,Intact Male,1 year,Chihuahua Shorthair Mix,White/Brown,Toy,Light/Medium
A708815,*Clark,8/1/15 11:28,Stray,Normal,Dog,Intact Male,1 year,Chihuahua Shorthair Mix,White/Brown,Toy,Light/Medium
A707253,Goowa,8/1/15 12:20,Public Assist,Normal,Dog,Intact Male,3 years,Pit Bull Mix,Apricot/Brown,Pit Bull,Light/Medium
A708831,,8/1/15 12:21,Stray,Nursing,Cat,Intact Female,2 days,Domestic Shorthair Mix,Black/White,Domestic Shorthair,Dark/Light
A708831,,8/1/15 12:21,Stray,Nursing,Cat,Intact Female,2 days,Domestic Shorthair Mix,Black/White,Domestic Shorthair,Dark/Light
A708832,,8/1/15 12:21,Stray,Nursing,Cat,Intact Male,2 days,Domestic Shorthair Mix,Blue/White,Domestic Shorthair,Medium/Light
A708834,,8/1/15 12:21,Stray,Nursing,Cat,Intact Female,2 days,Domestic Shorthair Mix,Black/White,Domestic Shorthair,Dark/Light
A708835,,8/1/15 12:21,Stray,Nursing,Cat,Intact Female,2 days,Domestic Shorthair Mix,Black/White,Domestic Shorthair,Dark/Light
A708836,,8/1/15 12:21,Stray,Nursing,Cat,Intact Male,2 days,Domestic Shorthair Mix,Black,Domestic Shorthair,Dark
A708837,Yaya Annie,8/1/15 12:21,Stray,Nursing,Cat,Intact Female,1 year,Domestic Medium Hair,Torbie,Domestic Medium Hair,Medium/Dark
A708839,*Doug,8/1/15 12:21,Stray,Nursing,Cat,Intact Male,1 week,Domestic Medium Hair,Orange Tabby,Domestic Medium Hair,Medium
A708840,*Patsy,8/1/15 12:21,Stray,Nursing,Cat,Intact Female,1 week,Domestic Shorthair,Brown Tabby/White,Domestic Shorthair,Medium/Light
A708841,*Reba,8/1/15 12:21,Stray,Nursing,Cat,Intact Female,1 week,Domestic Shorthair,Brown Tabby/White,Domestic Shorthair,Medium/Light
A708842,*Jet,8/1/15 12:21,Stray,Nursing,Cat,Intact Female,1 week,Domestic Medium Hair,Black/White,Domestic Medium Hair,Dark/Light
A708843,*Shania,8/1/15 12:21,Stray,Nursing,Cat,Intact Female,1 week,Domestic Medium Hair Mix,Brown Tabby/White,Domestic Medium Hair,Medium/Light
A708829,*Eva,8/1/15 12:21,Stray,Nursing,Cat,Intact Female,1 year,Domestic Shorthair Mix,Black,Domestic Shorthair,Dark
A708830,,8/1/15 12:21,Stray,Nursing,Cat,Intact Female,2 days,Domestic Shorthair Mix,Blue,Domestic Shorthair,Medium
A708830,,8/1/15 12:21,Stray,Nursing,Cat,Intact Female,2 days,Domestic Shorthair Mix,Blue,Domestic Shorthair,Medium
A707116,Heidi,8/1/15 13:40,Owner Surrender,Normal,Dog,Spayed Female,1 year,Labrador Retriever/Chinese Sharpei,White/Brown,Sporting,Light/Medium
A708854,*Fall,8/1/15 14:28,Stray,Normal,Cat,Intact Female,3 weeks,Domestic Shorthair Mix,Brown Tabby/White,Domestic Shorthair,Medium/Light
A708855,Steve,8/1/15 14:39,Stray,Normal,Cat,Intact Male,1 month,Domestic Shorthair Mix,Black,Domestic Shorthair,Dark
A696324,*Bonnie,8/1/15 14:42,Stray,Sick,Dog,Spayed Female,3 years,Pit Bull Mix,Blue/White,Pit Bull,Medium/Light
A708874,*Louanne,8/1/15 16:14,Stray,Normal,Dog,Intact Female,2 years,Catahoula Mix,Blue Merle,Herding,Light/Medium
A708875,*Doogie,8/1/15 16:14,Stray,Normal,Dog,Intact Male,1 week,Catahoula Mix,Blue Merle/White,Herding,Light/Medium
A708876,*Lacey,8/1/15 16:14,Stray,Normal,Dog,Intact Female,1 week,Catahoula Mix,Blue Merle/White,Herding,Light/Medium
A708877,*Lisbeth,8/1/15 16:14,Stray,Normal,Dog,Intact Female,1 week,Catahoula Mix,Blue Merle/White,Herding,Light/Medium
A708878,*Kita,8/1/15 16:14,Stray,Normal,Dog,Intact Female,1 week,Catahoula Mix,White/Black,Herding,Light/Dark
A708879,Hambone,8/1/15 16:14,Stray,Normal,Dog,Intact Male,1 week,Catahoula Mix,White/Black,Herding,Light/Dark
A708872,Loco,8/1/15 16:30,Stray,Normal,Dog,Intact Male,3 years,American Pit Bull Terrier Mix,Brown/White,Terrier,Medium/Light
A708890,*Obsidian,8/2/15 11:30,Stray,Normal,Cat,Intact Male,1 month,Domestic Shorthair Mix,Black/White,Domestic Shorthair,Dark/Light
A708891,*Quartz,8/2/15 11:30,Stray,Normal,Cat,Intact Female,1 month,Domestic Shorthair Mix,Calico,Domestic Shorthair,Tricolor
A708903,*Dottie,8/2/15 12:27,Stray,Normal,Cat,Intact Female,1 month,Domestic Shorthair Mix,Orange Tabby,Domestic Shorthair,Medium
A708904,*Dawson,8/2/15 12:27,Stray,Normal,Cat,Intact Male,1 month,Domestic Shorthair Mix,Cream Tabby,Domestic Shorthair,Light/Medium
A708904,*Dawson,8/2/15 12:27,Stray,Normal,Cat,Intact Male,1 month,Domestic Shorthair Mix,Cream Tabby,Domestic Shorthair,Light/Medium
A708905,*Dale,8/2/15 12:27,Stray,Normal,Cat,Intact Male,1 month,Domestic Shorthair Mix,Blue Tabby,Domestic Shorthair,Medium/Light
A708906,*Delia,8/2/15 12:27,Stray,Normal,Cat,Intact Female,1 month,Domestic Longhair Mix,Orange Tabby/White,Domestic Longhair,Medium/Light
A708907,*Bagheera,8/2/15 12:38,Stray,Normal,Cat,Neutered Male,2 years,Domestic Shorthair Mix,Black Tabby,Domestic Shorthair,Dark
A708909,*Molly,8/2/15 12:50,Stray,Normal,Cat,Intact Female,1 month,Domestic Shorthair Mix,Brown Tabby/White,Domestic Shorthair,Medium/Light
A708917,*Dante,8/2/15 15:11,Stray,Normal,Dog,Intact Male,2 years,American Bulldog/Basset Hound,Black/White,Hound,Dark/Light
A708917,*Dante,8/2/15 15:11,Stray,Normal,Dog,Intact Male,2 years,American Bulldog/Basset Hound,Black/White,Hound,Dark/Light
A708917,*Dante,8/2/15 15:11,Stray,Normal,Dog,Intact Male,2 years,American Bulldog/Basset Hound,Black/White,Hound,Dark/Light
A594739,Stan,8/3/15 11:06,Owner Surrender,Normal,Dog,Neutered Male,6 years,Staffordshire Mix,Tan/White,Terrier,Medium/Light
A708990,,8/3/15 15:33,Stray,Normal,Cat,Intact Female,2 weeks,Domestic Shorthair Mix,Blue Tabby,Domestic Shorthair,Medium/Light
A708999,*Daisy,8/3/15 18:28,Stray,Normal,Dog,Intact Female,8 months,Australian Cattle Dog Mix,Brown Brindle/White,Herding,Medium/Light
A709018,*Drummond,8/4/15 9:02,Stray,Normal,Dog,Intact Male,9 months,Pit Bull Mix,Black/White,Pit Bull,Dark/Light
A709019,*Levi,8/4/15 9:02,Stray,Normal,Dog,Intact Male,9 months,Pit Bull Mix,Gray/White,Pit Bull,Medium/Light
A706207,Jake,8/4/15 10:55,Stray,Normal,Dog,Neutered Male,4 years,Labrador Retriever Mix,Yellow,Sporting,Light
A709020,Juju,8/4/15 11:10,Euthanasia Request,Normal,Dog,Spayed Female,13 years,Labrador Retriever Mix,Yellow,Sporting,Light
A709040,Raven,8/4/15 11:20,Owner Surrender,Normal,Dog,Intact Female,4 months,Chihuahua Shorthair Mix,Black/White,Toy,Dark/Light
A709055,*Alabaster,8/4/15 12:51,Stray,Normal,Dog,Intact Male,1 year,Staffordshire/Boxer,White,Terrier,Light
A709064,Marley,8/4/15 14:52,Stray,Normal,Cat,Intact Male,2 months,Domestic Shorthair Mix,Brown Tabby/White,Domestic Shorthair,Medium/Light
A709065,Graham,8/4/15 14:52,Stray,Normal,Cat,Intact Male,2 months,Domestic Longhair Mix,Brown Tabby/White,Domestic Longhair,Medium/Light
A708996,*Boots,8/4/15 16:09,Stray,Normal,Cat,Neutered Male,3 years,Domestic Shorthair Mix,Brown Tabby,Domestic Shorthair,Medium/Light
A707093,Chase,8/5/15 10:45,Public Assist,Normal,Dog,Neutered Male,2 years,Bichon Frise Mix,White,Toy,Light
A709112,*Jasmine,8/5/15 11:30,Stray,Normal,Dog,Intact Female,6 years,Pit Bull Mix,White/Brown Brindle,Pit Bull,Light/Medium
A709115,*Sally,8/5/15 11:45,Stray,Normal,Dog,Intact Female,2 years,Pit Bull Mix,Fawn/White,Pit Bull,Light
A709126,Shadow,8/5/15 13:10,Owner Surrender,Normal,Cat,Intact Female,5 months,Domestic Shorthair Mix,Black,Domestic Shorthair,Dark
A709131,*Harley,8/5/15 13:32,Stray,Normal,Dog,Intact Male,2 years,Harrier Mix,Red/White,Hound,Medium/Light
A709133,*Petra,8/5/15 13:47,Stray,Normal,Cat,Intact Female,1 year,Domestic Medium Hair Mix,Black,Domestic Medium Hair,Dark
A709135,Toothless,8/5/15 13:47,Stray,Normal,Cat,Intact Male,4 weeks,Domestic Shorthair Mix,Black,Domestic Shorthair,Dark
A709136,*Toothless,8/5/15 13:47,Stray,Normal,Cat,Intact Male,4 weeks,Domestic Shorthair Mix,Black,Domestic Shorthair,Dark
A709137,*Prnc Charm,8/5/15 13:47,Stray,Normal,Cat,Intact Male,4 weeks,Domestic Shorthair Mix,Brown Tabby,Domestic Shorthair,Medium/Light
A709138,*Belle,8/5/15 13:47,Stray,Normal,Cat,Intact Female,4 weeks,Domestic Shorthair Mix,White/Brown Tabby,Domestic Shorthair,Light/Medium
A709140,*Ellie Mae,8/5/15 13:52,Stray,Normal,Dog,Intact Female,2 years,Chihuahua Shorthair Mix,Tan/White,Toy,Medium/Light
A709141,Bucky,8/5/15 13:52,Stray,Normal,Dog,Intact Male,5 days,Chihuahua Shorthair Mix,Buff,Toy,Light
A709142,*Rufus,8/5/15 13:52,Stray,Normal,Dog,Intact Male,5 days,Chihuahua Shorthair Mix,Brown,Toy,Medium
A709143,*Spike,8/5/15 13:52,Stray,Normal,Dog,Intact Male,5 days,Chihuahua Shorthair Mix,Black/Tan,Toy,Dark/Medium
A709144,*Tyke,8/5/15 13:52,Stray,Normal,Dog,Intact Male,5 days,Chihuahua Shorthair Mix,Black/Tan,Toy,Dark/Medium
A517675,Blanca,8/5/15 15:57,Owner Surrender,Normal,Dog,Spayed Female,11 years,Australian Cattle Dog,White/Black,Herding,Light/Dark
A709212,Nala,8/6/15 9:31,Public Assist,Normal,Cat,Intact Female,5 months,Domestic Shorthair Mix,Orange Tabby/White,Domestic Shorthair,Medium/Light
A709219,*Cassie,8/6/15 11:07,Stray,Normal,Cat,Intact Female,1 day,Domestic Medium Hair Mix,Brown Tabby,Domestic Medium Hair,Medium/Light
A709220,Pockets,8/6/15 11:07,Stray,Normal,Cat,Intact Male,1 day,Domestic Shorthair Mix,Brown Tabby,Domestic Shorthair,Medium/Light
A709231,Shaggy,8/6/15 11:54,Stray,Injured,Dog,Neutered Male,9 months,Manchester Terrier Mix,Black/Tan,Terrier,Dark/Medium
A709232,,8/6/15 12:06,Stray,Normal,Cat,Intact Male,5 months,Domestic Shorthair Mix,Orange Tabby,Domestic Shorthair,Medium
A690998,Bon Bon,8/6/15 12:35,Stray,Normal,Dog,Intact Male,3 years,Miniature Poodle Mix,White,Non-Sporting,Light
A709258,Bull,8/6/15 14:53,Owner Surrender,Normal,Cat,Intact Male,2 months,Domestic Shorthair Mix,Black/White,Domestic Shorthair,Dark/Light
A709279,*Edgar,8/6/15 18:35,Stray,Normal,Cat,Intact Male,3 months,Domestic Shorthair Mix,Black,Domestic Shorthair,Dark
A709280,*Elaina,8/6/15 18:35,Stray,Normal,Cat,Intact Female,3 months,Domestic Shorthair Mix,Black,Domestic Shorthair,Dark
A709297,Sirius,8/7/15 11:17,Stray,Normal,Dog,Neutered Male,1 year,German Shepherd Mix,Black/White,Herding,Dark/Light
A709309,Noah,8/7/15 11:41,Stray,Normal,Cat,Intact Male,4 weeks,Domestic Shorthair Mix,Orange,Domestic Shorthair,Medium
A709311,*Costello,8/7/15 11:41,Stray,Normal,Cat,Intact Male,4 weeks,Domestic Shorthair Mix,White/Brown Tabby,Domestic Shorthair,Light/Medium
A709334,*Larry,8/7/15 13:59,Stray,Normal,Cat,Neutered Male,3 years,Domestic Shorthair Mix,Orange Tabby,Domestic Shorthair,Medium
A709334,*Larry,8/7/15 13:59,Stray,Normal,Cat,Neutered Male,3 years,Domestic Shorthair Mix,Orange Tabby,Domestic Shorthair,Medium
A707046,Jameson,8/7/15 18:56,Owner Surrender,Normal,Dog,Neutered Male,3 years,Siberian Husky Mix,White/White,Working,Light
A709363,*Lilac,8/8/15 7:42,Stray,Normal,Cat,Intact Female,3 months,Siamese Mix,Cream,Siamese,Light
A709374,*Emily,8/8/15 11:26,Stray,Normal,Dog,Intact Female,1 year,Pit Bull Mix,Tan/White,Pit Bull,Medium/Light
A709407,*Barbarella,8/8/15 14:40,Stray,Normal,Dog,Spayed Female,2 years,Boxer Mix,Tan/White,Working,Medium/Light
A709407,*Barbarella,8/8/15 14:40,Stray,Normal,Dog,Spayed Female,2 years,Boxer Mix,Tan/White,Working,Medium/Light
A709413,*Louie,8/8/15 15:13,Stray,Normal,Dog,Neutered Male,2 years,Catahoula Mix,Blue Merle/Tan,Herding,Light/Medium
A708230,Spike,8/9/15 11:28,Owner Surrender,Normal,Dog,Neutered Male,3 years,Basset Hound Mix,White/Black,Hound,Light/Dark
A709458,*Magnum,8/9/15 13:23,Stray,Normal,Cat,Intact Male,2 years,Domestic Shorthair Mix,White/Black,Domestic Shorthair,Light/Dark
A709461,*Teri Teri,8/9/15 13:34,Stray,Normal,Dog,Intact Female,1 year,Chihuahua Shorthair Mix,Brown/Tan,Toy,Medium
A709467,Little Dog,8/9/15 14:02,Stray,Normal,Dog,Neutered Male,5 years,Silky Terrier/Yorkshire Terrier,Silver/Red,Terrier,Medium
A709485,*Lancelot,8/9/15 16:42,Stray,Normal,Cat,Neutered Male,2 years,Siamese Mix,Flame Point,Siamese,Light
A709493,*Gus,8/10/15 8:38,Stray,Normal,Cat,Neutered Male,12 years,Domestic Shorthair Mix,White/Black,Domestic Shorthair,Light/Dark
A694611,Roscoe,8/10/15 11:34,Stray,Normal,Dog,Neutered Male,2 years,Pit Bull Mix,White/Blue,Pit Bull,Light/Medium
A709511,*Toad,8/10/15 11:57,Stray,Normal,Cat,Intact Male,4 weeks,Domestic Medium Hair Mix,White/Black,Domestic Medium Hair,Light/Dark
A709515,,8/10/15 12:06,Stray,Normal,Cat,Spayed Female,1 year,Domestic Shorthair Mix,Brown Tabby,Domestic Shorthair,Medium/Light
A709536,*Ringo,8/10/15 14:23,Stray,Normal,Dog,Intact Male,7 months,Pit Bull/Labrador Retriever,Black/White,Pit Bull,Dark/Light
A681179,Tyson,8/10/15 14:42,Owner Surrender,Normal,Dog,Neutered Male,1 year,Catahoula Mix,Fawn/White,Herding,Light
A695189,Gunner,8/10/15 23:58,Stray,Normal,Dog,Neutered Male,10 months,Border Collie/German Shepherd,Black/White,Herding,Dark/Light
A695189,Gunner,8/10/15 23:58,Stray,Normal,Dog,Neutered Male,10 months,Border Collie/German Shepherd,Black/White,Herding,Dark/Light
A709588,Eddie,8/11/15 9:31,Stray,Aged,Dog,Neutered Male,9 years,Collie Rough Mix,Brown,Herding,Medium
A704526,Lucy,8/11/15 10:53,Stray,Normal,Dog,Spayed Female,7 months,Pointer Mix,White/Brown,Sporting,Light/Medium
A709607,,8/11/15 12:04,Stray,Normal,Cat,Intact Female,1 month,Domestic Shorthair Mix,Black/White,Domestic Shorthair,Dark/Light
A669067,Rocky,8/11/15 12:38,Stray,Normal,Dog,Neutered Male,3 years,Australian Cattle Dog Mix,White/Red Merle,Herding,Light/Medium
A708716,*Buster,8/11/15 12:52,Owner Surrender,Normal,Dog,Neutered Male,7 months,Rottweiler Mix,Tricolor,Working,Tricolor
A709639,*Goku,8/11/15 14:28,Stray,Normal,Dog,Intact Male,1 month,Labrador Retriever Mix,Yellow,Sporting,Light
A709659,,8/12/15 0:23,Stray,Normal,Dog,Intact Male,1 month,Chihuahua Shorthair Mix,Tan,Toy,Medium
A709661,*Delilah,8/12/15 0:23,Stray,Normal,Dog,Intact Female,1 year,Chihuahua Longhair Mix,Tan/White,Toy,Medium/Light
A709678,Princess,8/12/15 11:39,Stray,Normal,Dog,Intact Female,5 months,Australian Cattle Dog/Pembroke Welsh Corgi,Tan/White,Herding,Medium/Light
A709687,*Rooney,8/12/15 12:02,Stray,Normal,Dog,Intact Male,5 months,Labrador Retriever Mix,Black/White,Sporting,Dark/Light
A709691,*Chloe,8/12/15 12:25,Stray,Normal,Cat,Intact Female,4 weeks,Domestic Shorthair Mix,Brown Tabby,Domestic Shorthair,Medium/Light
A709724,Tatum,8/12/15 15:14,Stray,Normal,Cat,Intact Female,3 weeks,Domestic Shorthair Mix,Calico,Domestic Shorthair,Tricolor
A709724,Tatum,8/12/15 15:14,Stray,Normal,Cat,Intact Female,3 weeks,Domestic Shorthair Mix,Calico,Domestic Shorthair,Tricolor
A662685,*Lola,8/12/15 16:24,Stray,Normal,Dog,Spayed Female,3 years,Pit Bull Mix,Red/White,Pit Bull,Medium/Light
A708737,Maverick,8/12/15 18:05,Owner Surrender,Normal,Dog,Neutered Male,2 years,German Shepherd/Anatol Shepherd,Sable,Herding,Medium/Dark
A708737,Maverick,8/12/15 18:05,Owner Surrender,Normal,Dog,Neutered Male,2 years,German Shepherd/Anatol Shepherd,Sable,Herding,Medium/Dark
A704225,Ramona,8/12/15 18:21,Owner Surrender,Normal,Cat,Spayed Female,1 year,Domestic Longhair Mix,Black,Domestic Longhair,Dark
A709749,*Janeane,8/12/15 18:29,Stray,Normal,Cat,Intact Female,1 year,Domestic Shorthair Mix,Calico,Domestic Shorthair,Tricolor
A709750,Moose,8/12/15 18:29,Stray,Normal,Cat,Intact Male,3 weeks,Domestic Medium Hair Mix,Orange Tabby/White,Domestic Medium Hair,Medium/Light
A709752,*Jessamine,8/12/15 18:29,Stray,Normal,Cat,Intact Female,3 weeks,Domestic Shorthair Mix,Black/White,Domestic Shorthair,Dark/Light
A709754,Skitches,8/12/15 18:29,Stray,Normal,Cat,Intact Female,3 weeks,Domestic Shorthair Mix,Black/White,Domestic Shorthair,Dark/Light
A703649,*Kismit,8/13/15 11:00,Owner Surrender,Normal,Dog,Spayed Female,3 years,Pit Bull Mix,White/Brown,Pit Bull,Light/Medium
A709784,Max,8/13/15 11:20,Stray,Normal,Dog,Intact Male,1 year,Miniature Pinscher Mix,Black/Tan,Toy,Dark/Medium
A701556,*Fisk,8/13/15 14:26,Stray,Normal,Dog,Neutered Male,5 years,Pit Bull Mix,Blue,Pit Bull,Medium
A709859,Jenna,8/13/15 17:13,Owner Surrender,Normal,Dog,Neutered Male,3 years,English Springer Spaniel Mix,White/Black,Sporting,Light/Dark
A709916,*Olivier,8/14/15 13:48,Stray,Normal,Cat,Intact Male,5 months,Domestic Medium Hair,Orange Tabby,Domestic Medium Hair,Medium
A709917,*Oberto,8/14/15 13:48,Stray,Normal,Cat,Intact Male,5 months,Domestic Medium Hair,Cream Tabby,Domestic Medium Hair,Light/Medium
A709918,Francis,8/14/15 14:05,Stray,Normal,Dog,Intact Female,5 months,Australian Cattle Dog Mix,White/Brown,Herding,Light/Medium
A568123,Miley,8/14/15 14:44,Public Assist,Normal,Dog,Neutered Male,5 years,Chihuahua Shorthair Mix,Black/Tan,Toy,Dark/Medium
A704697,Captain,8/14/15 16:01,Public Assist,Normal,Dog,Intact Male,1 year,German Shepherd Mix,Sable,Herding,Medium/Dark
A709973,*Ebony,8/15/15 12:13,Stray,Normal,Cat,Intact Female,1 month,Domestic Shorthair Mix,Black,Domestic Shorthair,Dark
A709975,*Jet,8/15/15 12:13,Stray,Normal,Cat,Intact Male,1 month,Domestic Shorthair Mix,Black,Domestic Shorthair,Dark
A709976,*Coal,8/15/15 12:13,Stray,Normal,Cat,Intact Male,1 month,Domestic Shorthair Mix,Black,Domestic Shorthair,Dark
A709979,Jackson,8/15/15 12:53,Owner Surrender,Normal,Cat,Neutered Male,1 year,Domestic Shorthair,White/Orange,Domestic Shorthair,Light/Medium
A710006,*Chunk,8/15/15 16:57,Stray,Normal,Cat,Intact Male,1 month,Domestic Shorthair Mix,Black,Domestic Shorthair,Dark
A684412,Ben,8/15/15 23:30,Stray,Normal,Dog,Neutered Male,3 years,Catahoula Mix,Blue Merle,Herding,Light/Medium
A684412,Ben,8/15/15 23:30,Stray,Normal,Dog,Neutered Male,3 years,Catahoula Mix,Blue Merle,Herding,Light/Medium
A710030,*Pepper,8/16/15 11:40,Stray,Normal,Dog,Intact Female,3 weeks,Redbone Hound Mix,Brown/White,Hound,Medium/Light
A710023,Scooby,8/16/15 11:43,Owner Surrender,Normal,Dog,Intact Male,3 years,Pit Bull Mix,Tan/White,Pit Bull,Medium/Light
A415823,Two,8/16/15 12:21,Stray,Normal,Dog,Neutered Male,12 years,Pit Bull Mix,Tan,Pit Bull,Medium
A710069,Annie,8/17/15 11:09,Owner Surrender,Normal,Dog,Spayed Female,9 years,Chihuahua Shorthair Mix,Tan/White,Toy,Medium/Light
A710067,Polly,8/17/15 11:09,Owner Surrender,Normal,Dog,Spayed Female,9 years,Chihuahua Shorthair Mix,Tricolor,Toy,Tricolor
A710073,*Harris,8/17/15 11:29,Stray,Normal,Cat,Intact Male,1 month,Domestic Shorthair Mix,Black/White,Domestic Shorthair,Dark/Light
A708855,Steve,8/17/15 13:27,Owner Surrender,Normal,Cat,Neutered Male,2 months,Domestic Shorthair Mix,Black,Domestic Shorthair,Dark
A710089,*Gia,8/17/15 16:00,Stray,Normal,Cat,Intact Female,1 month,Domestic Shorthair Mix,Calico,Domestic Shorthair,Tricolor
A710100,*Luci,8/17/15 16:43,Stray,Normal,Dog,Intact Female,4 years,Staffordshire,White/Tan,Terrier,Light/Medium
A710104,Snow White,8/17/15 17:11,Stray,Normal,Dog,Intact Female,2 years,American Bulldog Mix,White,Non-Sporting,Light
A710106,Cody,8/17/15 18:23,Stray,Normal,Cat,Intact Male,1 month,Domestic Shorthair Mix,Brown Tabby,Domestic Shorthair,Medium/Light
A710107,*Caty,8/17/15 18:23,Stray,Normal,Cat,Intact Female,1 month,Domestic Shorthair Mix,Brown Tabby,Domestic Shorthair,Medium/Light
A710108,*Charles,8/17/15 18:23,Stray,Normal,Cat,Intact Male,1 month,Domestic Shorthair Mix,Brown Tabby,Domestic Shorthair,Medium/Light
A710121,*Addy,8/18/15 10:07,Stray,Normal,Cat,Intact Female,3 months,Domestic Shorthair Mix,Black/White,Domestic Shorthair,Dark/Light
A710128,Garfield,8/18/15 11:46,Public Assist,Injured,Cat,Intact Male,1 month,Domestic Shorthair Mix,Orange Tabby,Domestic Shorthair,Medium
A710130,Tango,8/18/15 11:46,Public Assist,Injured,Cat,Intact Male,1 month,Domestic Shorthair Mix,Black,Domestic Shorthair,Dark
A710125,Maximus,8/18/15 11:46,Public Assist,Injured,Cat,Intact Male,1 month,Domestic Shorthair Mix,Orange Tabby,Domestic Shorthair,Medium
A710137,Sissy,8/18/15 13:04,Owner Surrender,Normal,Cat,Spayed Female,3 years,Domestic Shorthair Mix,Calico,Domestic Shorthair,Tricolor
A710139,Bastet,8/18/15 13:04,Owner Surrender,Normal,Cat,Spayed Female,3 years,Domestic Longhair,Calico,Domestic Longhair,Tricolor
A710136,Pumpkin,8/18/15 13:16,Stray,Normal,Cat,Intact Male,2 months,Domestic Shorthair Mix,Orange Tabby/White,Domestic Shorthair,Medium/Light
A703506,Nala,8/18/15 15:26,Owner Surrender,Normal,Dog,Intact Female,1 year,Pit Bull Mix,Brown Brindle,Pit Bull,Medium
A703506,Nala,8/18/15 15:26,Owner Surrender,Normal,Dog,Intact Female,1 year,Pit Bull Mix,Brown Brindle,Pit Bull,Medium
A709212,Nala,8/18/15 16:23,Stray,Normal,Cat,Spayed Female,6 months,Domestic Shorthair Mix,Orange Tabby/White,Domestic Shorthair,Medium/Light
A710157,*Jax,8/18/15 23:25,Stray,Normal,Dog,Intact Male,11 months,Treeing Cur Mix,Brown Brindle/White,Working,Medium/Light
A710164,*Brandy,8/19/15 10:50,Stray,Normal,Dog,Intact Female,4 years,Pit Bull Mix,White/Red,Pit Bull,Light/Medium
A710166,*Melody,8/19/15 11:03,Stray,Nursing,Cat,Intact Female,1 year,Domestic Shorthair Mix,Brown Tabby/White,Domestic Shorthair,Medium/Light
A710167,*Skeeter,8/19/15 11:03,Stray,Nursing,Cat,Intact Male,2 weeks,Domestic Shorthair Mix,Brown Tabby/White,Domestic Shorthair,Medium/Light
A710168,,8/19/15 11:03,Stray,Nursing,Cat,Intact Female,2 weeks,Domestic Shorthair Mix,Brown Tabby/White,Domestic Shorthair,Medium/Light
A710169,,8/19/15 11:03,Stray,Nursing,Cat,Intact Male,2 weeks,Domestic Shorthair Mix,Brown Tabby/White,Domestic Shorthair,Medium/Light
A710170,,8/19/15 11:03,Stray,Nursing,Cat,Intact Male,2 weeks,Domestic Shorthair Mix,Lynx Point,Domestic Shorthair,Light/Medium
A710171,,8/19/15 11:03,Stray,Nursing,Cat,Intact Male,2 weeks,Domestic Shorthair Mix,Lynx Point,Domestic Shorthair,Light/Medium
A710178,Louis,8/19/15 11:17,Stray,Normal,Cat,Neutered Male,4 months,Domestic Shorthair Mix,Black,Domestic Shorthair,Dark
A710189,Bear,8/19/15 15:16,Public Assist,Normal,Dog,Intact Male,4 years,American Bulldog Mix,Black/White,Non-Sporting,Dark/Light
A710210,*Spunky,8/19/15 15:50,Stray,Normal,Dog,Intact Male,2 years,Miniature Pinscher Mix,Black/Brown,Toy,Dark/Medium
A694580,Rocko,8/19/15 16:28,Stray,Normal,Dog,Neutered Male,1 year,German Shepherd/Labrador Retriever,Tan/Black,Herding,Medium/Dark
A462580,Chico,8/20/15 0:02,Public Assist,Normal,Dog,Neutered Male,10 years,Pit Bull,Brown Brindle/White,Pit Bull,Medium/Light
A710226,Rosie,8/20/15 8:02,Stray,Sick,Dog,Intact Female,1 weeks,Toy Fox Terrier Mix,White/Tricolor,Terrier,Tricolor
A710251,*Arrow,8/20/15 12:35,Stray,Normal,Dog,Intact Male,6 years,Rottweiler Mix,Black/Brown,Working,Dark/Medium
A710274,,8/20/15 15:20,Stray,Normal,Cat,Spayed Female,4 months,Domestic Medium Hair Mix,Blue Tabby,Domestic Medium Hair,Medium/Light
A710295,*Rza,8/20/15 18:37,Stray,Normal,Dog,Intact Male,1 year,Pit Bull Mix,Chocolate/White,Pit Bull,Dark/Light
A710295,*Rza,8/20/15 18:37,Stray,Normal,Dog,Intact Male,1 year,Pit Bull Mix,Chocolate/White,Pit Bull,Dark/Light
A710309,*Jj,8/21/15 12:02,Stray,Injured,Dog,Intact Male,2 years,Dalmatian Mix,White/Black,Non-Sporting,Light/Dark
A710318,Tank,8/21/15 13:48,Stray,Injured,Dog,Neutered Male,5 years,Pit Bull Mix,Brown Brindle/White,Pit Bull,Medium/Light
A710321,*Dottie,8/21/15 14:34,Stray,Normal,Cat,Intact Female,4 weeks,Domestic Shorthair Mix,Orange Tabby/White,Domestic Shorthair,Medium/Light
A710322,Leu,8/21/15 15:01,Owner Surrender,Normal,Cat,Spayed Female,7 years,Domestic Shorthair Mix,Brown Tabby,Domestic Shorthair,Medium/Light
A710328,*Wolfy,8/21/15 15:58,Stray,Normal,Cat,Intact Male,1 month,Domestic Shorthair Mix,Brown Tabby/White,Domestic Shorthair,Medium/Light
A710329,*Boots,8/21/15 15:58,Stray,Normal,Cat,Intact Male,3 weeks,Domestic Shorthair Mix,Black/White,Domestic Shorthair,Dark/Light
A710327,Scooter,8/21/15 15:58,Stray,Normal,Cat,Intact Male,1 month,Domestic Shorthair Mix,Orange Tabby/White,Domestic Shorthair,Medium/Light
A710327,Scooter,8/21/15 15:58,Stray,Normal,Cat,Intact Male,1 month,Domestic Shorthair Mix,Orange Tabby/White,Domestic Shorthair,Medium/Light
A710323,*Magnolia,8/21/15 15:58,Stray,Normal,Cat,Intact Female,1 month,Domestic Shorthair Mix,Orange Tabby/White,Domestic Shorthair,Medium/Light
A710324,*Lilac,8/21/15 15:58,Stray,Normal,Cat,Intact Female,1 month,Domestic Shorthair Mix,Orange Tabby/White,Domestic Shorthair,Medium/Light
A710332,Cleo,8/21/15 16:13,Stray,Normal,Cat,Intact Female,1 month,Domestic Shorthair Mix,Brown Tabby,Domestic Shorthair,Medium/Light
A710333,*Ricki,8/21/15 16:13,Stray,Normal,Cat,Intact Female,1 month,Domestic Shorthair Mix,Black/White,Domestic Shorthair,Dark/Light
A710334,*Ralphie,8/21/15 16:13,Stray,Normal,Cat,Intact Male,1 month,Domestic Shorthair Mix,Blue,Domestic Shorthair,Medium
A710336,*Rydell,8/21/15 16:13,Stray,Normal,Cat,Intact Male,1 month,Domestic Longhair Mix,Brown Tabby/White,Domestic Longhair,Medium/Light
A710340,*Herbie,8/21/15 16:36,Stray,Normal,Cat,Intact Male,4 weeks,Domestic Shorthair Mix,Orange Tabby/White,Domestic Shorthair,Medium/Light
A710347,Lulu,8/22/15 0:50,Public Assist,Normal,Dog,Spayed Female,7 months,Labrador Retriever Mix,Black,Sporting,Dark
A710348,*Jewel,8/22/15 7:39,Stray,Injured,Cat,Intact Female,1 month,Domestic Shorthair Mix,Black/White,Domestic Shorthair,Dark/Light
A710350,Oso,8/22/15 9:32,Stray,Normal,Dog,Intact Male,1 month,Border Collie Mix,Black,Herding,Dark
A710352,*Heather,8/22/15 11:02,Stray,Normal,Dog,Intact Female,2 years,Chihuahua Shorthair Mix,Tan,Toy,Medium
A710398,*Baxter,8/22/15 13:22,Stray,Normal,Cat,Intact Male,4 weeks,Domestic Shorthair Mix,Black/White,Domestic Shorthair,Dark/Light
A710399,,8/22/15 13:22,Stray,Normal,Cat,Intact Male,4 weeks,Domestic Shorthair Mix,Black,Domestic Shorthair,Dark
A710400,*Brinley,8/22/15 13:22,Stray,Normal,Cat,Intact Female,4 weeks,Domestic Shorthair Mix,Brown Tabby,Domestic Shorthair,Medium/Light
A710401,,8/22/15 13:22,Stray,Normal,Cat,Intact Female,4 weeks,Domestic Shorthair Mix,Tortie,Domestic Shorthair,Dark/Medium
A710402,*Bandie,8/22/15 13:22,Stray,Normal,Cat,Intact Female,4 weeks,Domestic Shorthair Mix,Calico,Domestic Shorthair,Tricolor
A710419,*Darby,8/22/15 16:09,Stray,Normal,Cat,Intact Female,2 years,Domestic Shorthair Mix,Tortie,Domestic Shorthair,Dark/Medium
A710427,*Cinderella,8/22/15 17:18,Stray,Normal,Cat,Spayed Female,5 months,Domestic Shorthair Mix,Orange Tabby/White,Domestic Shorthair,Medium/Light
A661287,Shasta,8/22/15 17:42,Stray,Normal,Dog,Neutered Male,2 years,Great Pyrenees Mix,Buff,Working,Light
A658920,Scotty,8/23/15 8:26,Stray,Normal,Dog,Neutered Male,8 years,Miniature Poodle Mix,White,Non-Sporting,Light
A710439,*Vinny,8/23/15 10:50,Stray,Normal,Dog,Intact Male,2 years,Pit Bull Mix,Chocolate/White,Pit Bull,Dark/Light
A707114,Terri,8/23/15 11:09,Stray,Normal,Dog,Neutered Male,1 year,American Staffordshire Terrier Mix,White/Brown Brindle,Terrier,Light/Medium
A702481,Winnie,8/23/15 11:17,Public Assist,Normal,Dog,Spayed Female,3 years,Australian Shepherd Mix,Brown/White,Herding,Medium/Light
A643862,Brownie,8/23/15 11:50,Stray,Normal,Dog,Neutered Male,5 years,Beagle/Australian Cattle Dog,Red Tick/Brown,Hound,Light/Medium
A710470,*Felicia,8/23/15 14:03,Stray,Normal,Dog,Intact Female,2 years,Jack Russell Terrier/Pointer,White/Brown,Terrier,Light/Medium
A710471,*Jimmy,8/23/15 14:03,Stray,Normal,Dog,Intact Male,2 years,Pharaoh Hound Mix,Brown/White,Hound,Medium/Light
A710474,Lexy,8/23/15 14:48,Stray,Normal,Dog,Intact Female,2 years,Pit Bull Mix,Blue Tiger,Pit Bull,Medium
A710477,Yogi,8/23/15 15:31,Owner Surrender,Normal,Dog,Intact Male,5 years,Australian Cattle Dog/Cardigan Welsh Corgi,Tan,Herding,Medium
A710482,*Denton,8/23/15 16:50,Stray,Normal,Cat,Intact Male,3 weeks,Domestic Shorthair Mix,Black,Domestic Shorthair,Dark
A710483,Eta,8/23/15 16:50,Stray,Normal,Cat,Intact Male,3 weeks,Domestic Shorthair Mix,Black,Domestic Shorthair,Dark
A707114,Terri,8/24/15 8:30,Stray,Normal,Dog,Neutered Male,1 year,American Staffordshire Terrier Mix,White/Brown Brindle,Terrier,Light/Medium
A710491,*Cupcake,8/24/15 8:40,Stray,Normal,Cat,Intact Female,4 weeks,Domestic Longhair Mix,Black/White,Domestic Longhair,Dark/Light
A710492,*Fudge,8/24/15 8:40,Stray,Normal,Cat,Intact Male,4 weeks,Domestic Longhair Mix,Brown Tabby,Domestic Longhair,Medium/Light
A710493,*Milkshake,8/24/15 8:40,Stray,Normal,Cat,Intact Male,4 weeks,Domestic Longhair Mix,Blue Tabby,Domestic Longhair,Medium/Light
A710511,*Henrietta,8/24/15 11:30,Stray,Normal,Dog,Spayed Female,7 years,Dachshund Longhair Mix,Red,Hound,Medium
A710512,*Henry,8/24/15 11:30,Stray,Normal,Dog,Neutered Male,7 years,Dachshund Mix,Red,Hound,Medium
A710513,*Juan Pelota,8/24/15 11:30,Stray,Normal,Cat,Intact Male,2 years,Domestic Medium Hair Mix,Black/White,Domestic Medium Hair,Dark/Light
A710516,Tulip,8/24/15 11:47,Stray,Normal,Cat,Intact Female,4 weeks,Siamese Mix,Seal Point,Siamese,Light/Dark
A710517,Daisy,8/24/15 11:47,Stray,Normal,Cat,Intact Female,4 weeks,Domestic Shorthair Mix,Black,Domestic Shorthair,Dark
A710521,*Fred,8/24/15 12:06,Stray,Normal,Cat,Intact Male,3 weeks,Domestic Shorthair Mix,Orange Tabby/White,Domestic Shorthair,Medium/Light
A710522,*Ginger,8/24/15 12:06,Stray,Normal,Cat,Intact Female,3 weeks,Domestic Shorthair Mix,Brown Tabby/White,Domestic Shorthair,Medium/Light
A710538,Olive,8/24/15 13:25,Stray,Normal,Cat,Intact Female,1 weeks,Domestic Shorthair Mix,White/Blue,Domestic Shorthair,Light/Medium
A710539,*Alfonso,8/24/15 13:25,Stray,Normal,Cat,Intact Female,1 weeks,Domestic Shorthair Mix,White/Black,Domestic Shorthair,Light/Dark
A710540,*Archer,8/24/15 13:25,Stray,Normal,Cat,Intact Male,1 weeks,Domestic Shorthair Mix,Blue/White,Domestic Shorthair,Medium/Light
A710541,*Alex,8/24/15 13:25,Stray,Normal,Cat,Intact Male,1 weeks,Domestic Shorthair Mix,Blue/White,Domestic Shorthair,Medium/Light
A691893,Chloe,8/24/15 13:34,Stray,Normal,Cat,Spayed Female,10 years,Domestic Shorthair Mix,Orange Tabby/White,Domestic Shorthair,Medium/Light
A710547,*Sidney,8/24/15 13:50,Stray,Normal,Cat,Intact Male,3 weeks,Domestic Medium Hair Mix,Brown Tabby/White,Domestic Medium Hair,Medium/Light
A710546,*Jasper,8/24/15 14:01,Stray,Normal,Cat,Intact Male,1 month,Domestic Medium Hair Mix,Orange Tabby,Domestic Medium Hair,Medium
A710566,*Ollily,8/24/15 17:22,Stray,Nursing,Cat,Intact Female,0 years,Domestic Shorthair Mix,Black/White,Domestic Shorthair,Dark/Light
A710567,*Otis,8/24/15 17:22,Stray,Nursing,Cat,Intact Male,0 years,Domestic Shorthair Mix,Black/White,Domestic Shorthair,Dark/Light
A710568,*Orson,8/24/15 17:22,Stray,Nursing,Cat,Intact Female,0 years,Domestic Shorthair Mix,Black/White,Domestic Shorthair,Dark/Light
A710576,*Peanut,8/24/15 18:33,Stray,Normal,Cat,Intact Male,4 weeks,Domestic Shorthair Mix,Brown Tabby,Domestic Shorthair,Medium/Light
A710589,*Professor,8/24/15 23:18,Stray,Normal,Cat,Neutered Male,4 years,Domestic Longhair Mix,Blue Tabby,Domestic Longhair,Medium/Light
A710607,*Cha Cha,8/25/15 11:32,Stray,Normal,Cat,Intact Female,4 weeks,Domestic Medium Hair Mix,Blue,Domestic Medium Hair,Medium
A710608,*Mambo,8/25/15 11:32,Stray,Normal,Cat,Intact Female,4 weeks,Domestic Medium Hair Mix,Blue Tabby,Domestic Medium Hair,Medium/Light
A710609,*Tango,8/25/15 11:32,Stray,Normal,Cat,Intact Female,4 weeks,Domestic Shorthair Mix,Calico,Domestic Shorthair,Tricolor
A710618,*Toffee,8/25/15 12:02,Stray,Injured,Dog,Intact Male,7 months,Chihuahua Shorthair Mix,Tan,Toy,Medium
A710621,*Gabby,8/25/15 12:09,Stray,Normal,Cat,Intact Female,1 month,Manx Mix,Brown Tabby/White,Exotic,Medium/Light
A710637,Quorra,8/25/15 13:40,Owner Surrender,Normal,Cat,Spayed Female,3 years,Domestic Shorthair Mix,Brown Tabby/White,Domestic Shorthair,Medium/Light
A710644,*Stacy,8/25/15 16:12,Stray,Normal,Dog,Spayed Female,3 years,Chihuahua Shorthair Mix,White/Brown,Toy,Light/Medium
A708544,*O'Malley,8/25/15 16:39,Owner Surrender,Normal,Dog,Neutered Male,2 years,Bull Terrier Mix,Fawn/White,Terrier,Light
A710650,*Adina,8/25/15 17:19,Stray,Normal,Cat,Intact Female,2 years,Domestic Shorthair Mix,Blue/White,Domestic Shorthair,Medium/Light
A710652,*Duncan,8/25/15 17:19,Stray,Normal,Cat,Intact Male,2 weeks,Domestic Shorthair Mix,Blue Tabby/White,Domestic Shorthair,Medium/Light
A710653,*Drake,8/25/15 17:19,Stray,Normal,Cat,Intact Male,2 weeks,Domestic Shorthair Mix,Blue Tabby/White,Domestic Shorthair,Medium/Light
A710655,Cloud,8/25/15 17:19,Stray,Normal,Cat,Intact Male,2 weeks,Siamese Mix,Lilac Point,Siamese,Light/Medium
A710660,Hannah,8/25/15 18:51,Owner Surrender,Normal,Cat,Spayed Female,13 years,Domestic Longhair Mix,Tortie,Domestic Longhair,Dark/Medium
A710678,Mocha,8/26/15 11:00,Owner Surrender,Normal,Cat,Spayed Female,8 years,Domestic Longhair Mix,Tortie,Domestic Longhair,Dark/Medium
A710679,Jeramiah,8/26/15 11:00,Owner Surrender,Normal,Cat,Neutered Male,8 years,Domestic Longhair Mix,Black,Domestic Longhair,Dark
A709407,*Barbarella,8/26/15 11:27,Owner Surrender,Normal,Dog,Spayed Female,2 years,Boxer Mix,Tan/White,Working,Medium/Light
A709407,*Barbarella,8/26/15 11:27,Owner Surrender,Normal,Dog,Spayed Female,2 years,Boxer Mix,Tan/White,Working,Medium/Light
A710726,*Zara,8/26/15 18:39,Stray,Normal,Cat,Intact Female,3 weeks,Domestic Shorthair Mix,Torbie,Domestic Shorthair,Medium/Dark
A710727,*Zoey,8/26/15 18:39,Stray,Normal,Cat,Intact Female,3 weeks,Domestic Shorthair Mix,Torbie,Domestic Shorthair,Medium/Dark
A710728,*Zach,8/26/15 18:39,Stray,Normal,Cat,Intact Male,3 weeks,Domestic Shorthair Mix,Brown Tabby,Domestic Shorthair,Medium/Light
A710729,Audi,8/26/15 18:39,Stray,Normal,Cat,Intact Male,4 weeks,Domestic Shorthair Mix,Brown Tabby,Domestic Shorthair,Medium/Light
A710730,*Zeke,8/26/15 18:39,Stray,Normal,Cat,Intact Male,4 weeks,Domestic Shorthair Mix,Orange Tabby,Domestic Shorthair,Medium
A710748,*Mel,8/27/15 11:20,Stray,Normal,Cat,Intact Male,1 month,Domestic Shorthair Mix,Brown Tabby/White,Domestic Shorthair,Medium/Light
A708996,*Boots,8/27/15 13:40,Stray,Normal,Cat,Neutered Male,3 years,Domestic Shorthair Mix,Brown Tabby,Domestic Shorthair,Medium/Light
A694301,Legend,8/27/15 13:50,Stray,Normal,Dog,Neutered Male,1 year,Pit Bull/Alaskan Husky,Tricolor,Pit Bull,Tricolor
A549056,Miss Mel,8/27/15 13:53,Stray,Normal,Cat,Spayed Female,10 years,Domestic Shorthair Mix,Brown Tabby,Domestic Shorthair,Medium/Light
A710778,Nash,8/27/15 14:12,Stray,Normal,Dog,Intact Male,2 years,Pit Bull Mix,Tan/White,Pit Bull,Medium/Light
A710778,Nash,8/27/15 14:12,Stray,Normal,Dog,Intact Male,2 years,Pit Bull Mix,Tan/White,Pit Bull,Medium/Light
A710778,Nash,8/27/15 14:12,Stray,Normal,Dog,Intact Male,2 years,Pit Bull Mix,Tan/White,Pit Bull,Medium/Light
A710781,Storm,8/27/15 14:53,Owner Surrender,Normal,Cat,Spayed Female,8 years,Domestic Shorthair Mix,Blue/Orange,Domestic Shorthair,Medium
A710781,Storm,8/27/15 14:53,Owner Surrender,Normal,Cat,Spayed Female,8 years,Domestic Shorthair Mix,Blue/Orange,Domestic Shorthair,Medium
A710738,Kit-Kat,8/27/15 16:09,Stray,Nursing,Cat,Intact Female,3 days,Domestic Shorthair Mix,Blue Tabby,Domestic Shorthair,Medium/Light
A710739,*Denham,8/27/15 16:09,Stray,Nursing,Cat,Intact Male,3 days,Domestic Shorthair Mix,Blue Tabby,Domestic Shorthair,Medium/Light
A710740,,8/27/15 16:09,Stray,Nursing,Cat,Intact Male,3 days,Domestic Shorthair Mix,Blue,Domestic Shorthair,Medium
A710741,*Devon,8/27/15 16:09,Stray,Nursing,Cat,Intact Male,3 days,Domestic Shorthair Mix,Cream Tabby/White,Domestic Shorthair,Light/Medium
A710795,Jasmin,8/27/15 16:28,Owner Surrender,Normal,Cat,Spayed Female,9 years,Domestic Shorthair Mix,Brown Tabby/White,Domestic Shorthair,Medium/Light
A710796,Missy,8/27/15 16:28,Owner Surrender,Normal,Cat,Spayed Female,9 years,Domestic Shorthair Mix,Black/White,Domestic Shorthair,Dark/Light
A646897,Jojo,8/27/15 19:07,Owner Surrender,Normal,Dog,Neutered Male,2 years,Pit Bull,Red/White,Pit Bull,Medium/Light
A710810,Tula,8/28/15 7:24,Stray,Injured,Dog,Intact Female,4 months,Golden Retriever/Collie Rough,Brown/Tan,Sporting,Medium
A710810,Tula,8/28/15 7:24,Stray,Injured,Dog,Intact Female,4 months,Golden Retriever/Collie Rough,Brown/Tan,Sporting,Medium
A710821,*Fawn,8/28/15 12:20,Stray,Normal,Cat,Spayed Female,1 year,Domestic Shorthair Mix,Torbie,Domestic Shorthair,Medium/Dark
A710824,*Enid,8/28/15 12:50,Stray,Injured,Dog,Intact Female,1 year,Chihuahua Shorthair/Pekingese,Tan,Toy,Medium
A710853,Oso,8/29/15 1:38,Public Assist,Normal,Dog,Intact Male,2 years,German Shepherd Mix,Brown,Herding,Medium
A710856,*Knox,8/29/15 10:06,Stray,Normal,Dog,Intact Male,5 months,Pit Bull Mix,White/Black,Pit Bull,Light/Dark
A710881,*Ruth,8/29/15 12:43,Stray,Normal,Cat,Intact Female,4 weeks,Domestic Shorthair Mix,Orange Tabby,Domestic Shorthair,Medium
A710882,*Karen,8/29/15 12:43,Stray,Normal,Cat,Intact Female,4 weeks,Domestic Shorthair Mix,Orange Tabby,Domestic Shorthair,Medium
A710883,*Mary,8/29/15 12:43,Stray,Normal,Cat,Intact Female,4 weeks,Domestic Shorthair Mix,Orange Tabby,Domestic Shorthair,Medium
A710884,*Robin,8/29/15 12:43,Stray,Normal,Cat,Intact Female,4 weeks,Domestic Shorthair Mix,Torbie,Domestic Shorthair,Medium/Dark
A710886,*Andrea,8/29/15 12:43,Stray,Normal,Cat,Intact Female,4 weeks,Domestic Longhair Mix,Brown Tabby,Domestic Longhair,Medium/Light
A710887,*Jj,8/29/15 12:43,Stray,Normal,Cat,Intact Male,4 weeks,Domestic Shorthair Mix,Black,Domestic Shorthair,Dark
A710878,Princess,8/29/15 12:50,Owner Surrender,Normal,Cat,Spayed Female,3 years,Domestic Shorthair Mix,Brown Tabby,Domestic Shorthair,Medium/Light
A710879,Handsom,8/29/15 12:50,Owner Surrender,Normal,Cat,Neutered Male,3 years,Domestic Shorthair Mix,Brown Tabby,Domestic Shorthair,Medium/Light
A702075,Rocky,8/29/15 13:12,Owner Surrender,Normal,Dog,Neutered Male,10 years,Rottweiler/Rhod Ridgeback,Brown/White,Working,Medium/Light
A710893,*Star,8/29/15 13:29,Stray,Normal,Dog,Intact Female,3 years,Staffordshire Mix,Brown,Terrier,Medium
A710895,*Flo,8/29/15 13:41,Stray,Normal,Dog,Intact Female,7 months,Labrador Retriever Mix,Tan,Sporting,Medium
A710898,*Winston,8/29/15 14:36,Stray,Normal,Dog,Neutered Male,2 years,Labrador Retriever Mix,Black,Sporting,Dark
A710898,*Winston,8/29/15 14:36,Stray,Normal,Dog,Neutered Male,2 years,Labrador Retriever Mix,Black,Sporting,Dark
A709638,Logan,8/29/15 14:50,Owner Surrender,Normal,Cat,Neutered Male,7 years,Domestic Shorthair Mix,Cream Tabby,Domestic Shorthair,Light/Medium
A710912,*Knick,8/29/15 18:14,Stray,Normal,Dog,Intact Male,4 years,Chihuahua Shorthair Mix,Tan,Toy,Medium
A710916,*Galinda,8/30/15 8:25,Stray,Sick,Cat,Intact Female,1 month,Domestic Shorthair Mix,Black,Domestic Shorthair,Dark
A710928,*Henry,8/30/15 10:18,Stray,Normal,Dog,Intact Male,10 months,Labrador Retriever Mix,Tan/White,Sporting,Medium/Light
A710942,,8/30/15 13:36,Stray,Normal,Cat,Intact Male,5 months,Domestic Shorthair Mix,Brown Tabby/White,Domestic Shorthair,Medium/Light
A642665,Anya,8/30/15 13:44,Owner Surrender,Normal,Cat,Spayed Female,2 years,Domestic Shorthair Mix,Calico,Domestic Shorthair,Tricolor
A710956,Stewie,8/30/15 16:20,Stray,Sick,Dog,Intact Male,5 years,Australian Cattle Dog Mix,White/Brown Brindle,Herding,Light/Medium
A710958,*Fiona,8/30/15 16:32,Stray,Normal,Cat,Intact Female,3 months,Domestic Longhair Mix,Black/White,Domestic Longhair,Dark/Light
A710957,Bruce,8/30/15 16:33,Stray,Normal,Cat,Intact Male,1 month,Domestic Shorthair Mix,Black,Domestic Shorthair,Dark
A701979,Winnie,8/30/15 17:11,Owner Surrender,Normal,Dog,Spayed Female,10 years,Labrador Retriever Mix,Tan,Sporting,Medium
A701979,Winnie,8/30/15 17:11,Owner Surrender,Normal,Dog,Spayed Female,10 years,Labrador Retriever Mix,Tan,Sporting,Medium
A710966,*Gilbert,8/31/15 7:04,Stray,Nursing,Cat,Neutered Male,4 years,Domestic Longhair Mix,Orange Tabby,Domestic Longhair,Medium
A710966,*Gilbert,8/31/15 7:04,Stray,Nursing,Cat,Neutered Male,4 years,Domestic Longhair Mix,Orange Tabby,Domestic Longhair,Medium
A710972,Leila,8/31/15 11:25,Stray,Normal,Dog,Spayed Female,2 years,Pit Bull Mix,Black/White,Pit Bull,Dark/Light
A650619,Tate,8/31/15 13:16,Stray,Normal,Dog,Neutered Male,8 years,German Shepherd/Labrador Retriever,Tricolor,Herding,Tricolor
A710987,Big John,8/31/15 13:23,Stray,Normal,Dog,Neutered Male,1 year,Labrador Retriever Mix,White/Brown,Sporting,Light/Medium
A711002,*Myrcelly,8/31/15 15:13,Stray,Normal,Cat,Intact Female,1 month,Domestic Shorthair Mix,Brown Tabby,Domestic Shorthair,Medium/Light
A710073,*Harris,8/31/15 15:39,Owner Surrender,Normal,Cat,Neutered Male,2 months,Domestic Shorthair Mix,Black/White,Domestic Shorthair,Dark/Light
A710994,Bronson,8/31/15 16:09,Public Assist,Normal,Dog,Neutered Male,2 years,Bull Terrier,Brown Brindle/White,Terrier,Medium/Light
A711007,Penny,8/31/15 16:49,Stray,Normal,Dog,Intact Female,1 year,Staffordshire Mix,Brown/White,Terrier,Medium/Light
A711007,Penny,8/31/15 16:49,Stray,Normal,Dog,Intact Female,1 year,Staffordshire Mix,Brown/White,Terrier,Medium/Light
A711008,*Harriett,8/31/15 17:20,Stray,Normal,Cat,Intact Female,1 month,Domestic Shorthair Mix,Orange Tabby,Domestic Shorthair,Medium
A711018,Milo,8/31/15 18:32,Owner Surrender,Normal,Dog,Intact Male,2 years,Australian Cattle Dog Mix,Brown/White,Herding,Medium/Light
A711018,Milo,8/31/15 18:32,Owner Surrender,Normal,Dog,Intact Male,2 years,Australian Cattle Dog Mix,Brown/White,Herding,Medium/Light
A711032,*Skipper,9/1/15 10:29,Stray,Normal,Dog,Intact Male,1 year,Jack Russell Terrier Mix,White/Black,Terrier,Light/Dark
A711041,Angel Girl,9/1/15 10:45,Owner Surrender,Normal,Cat,Spayed Female,12 years,Domestic Shorthair Mix,White/Brown Tabby,Domestic Shorthair,Light/Medium
A711042,Beauty,9/1/15 10:45,Owner Surrender,Normal,Cat,Spayed Female,5 years,Siamese Mix,Tortie Point,Siamese,Light/Dark
A711038,Treasure,9/1/15 10:45,Owner Surrender,Normal,Cat,Neutered Male,3 years,Maine Coon Mix,Brown Tabby,Exotic,Medium/Light
A711048,Cuddles,9/1/15 10:45,Owner Surrender,Normal,Cat,Intact Female,6 years,Siamese Mix,Lynx Point,Siamese,Light/Medium
A711036,Blackie Boy,9/1/15 10:45,Owner Surrender,Normal,Cat,Intact Male,1 year,Domestic Shorthair Mix,Black,Domestic Shorthair,Dark
A711056,Jack,9/1/15 11:35,Owner Surrender,Normal,Dog,Neutered Male,6 years,Chihuahua Shorthair/Rat Terrier,Tricolor,Terrier,Tricolor
A711064,*Avery,9/1/15 12:21,Stray,Injured,Cat,Intact Female,2 months,Siamese Mix,Lilac Point,Siamese,Light/Medium
A711072,Luigi,9/1/15 13:15,Stray,Normal,Cat,Intact Male,3 months,Domestic Shorthair Mix,White/Black,Domestic Shorthair,Light/Dark
A613650,Diamond,9/1/15 13:47,Owner Surrender,Normal,Dog,Spayed Female,5 years,American Pit Bull Terrier Mix,Fawn/White,Terrier,Light
A613650,Diamond,9/1/15 13:47,Owner Surrender,Normal,Dog,Spayed Female,5 years,American Pit Bull Terrier Mix,Fawn/White,Terrier,Light
A711079,Phoebe,9/1/15 14:07,Public Assist,Normal,Dog,Intact Female,6 years,Pit Bull Mix,Tan/White,Pit Bull,Medium/Light
A711081,Spanky,9/1/15 14:07,Public Assist,Normal,Dog,Intact Male,3 years,Boxer Mix,Yellow Brindle,Working,Light/Medium
A711082,Precious,9/1/15 14:07,Public Assist,Normal,Dog,Intact Female,3 years,Labrador Retriever Mix,Yellow/White,Sporting,Light
A711090,*Noname,9/1/15 15:57,Stray,Normal,Cat,Intact Female,4 weeks,Domestic Shorthair Mix,Blue Tabby,Domestic Shorthair,Medium/Light
A711096,Dahlia,9/1/15 16:33,Stray,Normal,Dog,Spayed Female,2 years,American Staffordshire Terrier Mix,Blue/White,Terrier,Medium/Light
A711099,Canon,9/1/15 18:04,Stray,Normal,Dog,Intact Male,2 years,American Bulldog Mix,Brown Brindle/White,Non-Sporting,Medium/Light
A711110,*Flummery,9/2/15 11:21,Stray,Nursing,Cat,Intact Female,3 weeks,Domestic Shorthair Mix,Torbie,Domestic Shorthair,Medium/Dark
A711111,*Balderdash,9/2/15 11:21,Stray,Nursing,Cat,Intact Male,3 weeks,Domestic Shorthair Mix,Brown Tabby,Domestic Shorthair,Medium/Light
A711112,*Malarkey,9/2/15 11:21,Stray,Nursing,Cat,Intact Male,3 weeks,Domestic Shorthair Mix,Brown Tabby,Domestic Shorthair,Medium/Light
A711119,*Daffodil,9/2/15 12:29,Stray,Normal,Cat,Intact Female,2 years,Domestic Shorthair Mix,Calico,Domestic Shorthair,Tricolor
A711120,,9/2/15 12:29,Stray,Normal,Cat,Unknown,1 week,Domestic Shorthair Mix,Orange Tabby,Domestic Shorthair,Medium
A711121,,9/2/15 12:29,Stray,Normal,Cat,Unknown,1 week,Domestic Shorthair Mix,Orange Tabby,Domestic Shorthair,Medium
A711122,,9/2/15 12:29,Stray,Normal,Cat,Unknown,1 week,Domestic Shorthair Mix,Orange Tabby,Domestic Shorthair,Medium
A711123,,9/2/15 12:29,Stray,Normal,Cat,Unknown,1 week,Domestic Shorthair Mix,Tortie,Domestic Shorthair,Dark/Medium
A711124,,9/2/15 12:29,Stray,Normal,Cat,Unknown,1 week,Domestic Shorthair Mix,Black,Domestic Shorthair,Dark
A711127,Maggie,9/2/15 13:13,Owner Surrender,Normal,Cat,Spayed Female,14 years,Domestic Medium Hair Mix,Black,Domestic Medium Hair,Dark
A711128,Amelia,9/2/15 13:13,Owner Surrender,Normal,Cat,Spayed Female,14 years,Domestic Medium Hair Mix,White,Domestic Medium Hair,Light
A711133,Penny,9/2/15 13:42,Owner Surrender,Normal,Cat,Intact Female,6 months,Domestic Shorthair Mix,Brown Tabby,Domestic Shorthair,Medium/Light
A711135,Penguin,9/2/15 13:42,Owner Surrender,Normal,Cat,Intact Female,6 months,Domestic Shorthair Mix,Brown Tabby/White,Domestic Shorthair,Medium/Light
A711130,*Clara,9/2/15 13:45,Stray,Normal,Dog,Intact Female,2 years,Pit Bull Mix,Blue/White,Pit Bull,Medium/Light
A688935,*Ross,9/2/15 14:55,Stray,Normal,Dog,Neutered Male,2 years,Pit Bull Mix,Brown Brindle,Pit Bull,Medium
A711157,*Eli,9/2/15 15:36,Stray,Normal,Dog,Intact Male,2 years,Pug/Beagle,Sable/White,Toy,Tricolor
A711150,*Max,9/2/15 15:38,Owner Surrender,Normal,Cat,Intact Male,5 months,Domestic Shorthair Mix,Orange Tabby,Domestic Shorthair,Medium
A711151,*Harper,9/2/15 15:38,Owner Surrender,Normal,Cat,Intact Female,5 months,Domestic Medium Hair Mix,Tortie,Domestic Medium Hair,Dark/Medium
A711152,Emily,9/2/15 15:38,Owner Surrender,Normal,Cat,Intact Female,5 months,Domestic Shorthair Mix,Black/White,Domestic Shorthair,Dark/Light
A711167,*Glory,9/2/15 17:46,Stray,Normal,Dog,Intact Female,8 years,Chihuahua Shorthair Mix,Sable,Toy,Medium/Dark
A711173,*Endora,9/2/15 21:06,Stray,Normal,Cat,Intact Female,2 months,Domestic Shorthair Mix,Black,Domestic Shorthair,Dark
A707114,Terri,9/3/15 11:13,Stray,Normal,Dog,Neutered Male,1 year,American Staffordshire Terrier Mix,White/Brown Brindle,Terrier,Light/Medium
A711191,Cassidy,9/3/15 11:35,Owner Surrender,Normal,Cat,Neutered Male,9 years,Maine Coon Mix,Cream Tabby/White,Exotic,Light/Medium
A711194,,9/3/15 12:15,Stray,Normal,Cat,Intact Male,2 months,Domestic Longhair Mix,Brown Tabby/White,Domestic Longhair,Medium/Light
A710696,*Justin,9/3/15 12:44,Stray,Normal,Dog,Intact Male,3 years,Great Pyrenees Mix,White,Working,Light
A670612,Sheila,9/3/15 13:04,Stray,Normal,Dog,Intact Female,4 years,Beagle,Brown/White,Hound,Medium/Light
A702922,Lili,9/3/15 13:57,Public Assist,Normal,Dog,Spayed Female,1 year,Chihuahua Shorthair/Swedish Vallhund,Brown/Black,Toy,Medium/Dark
A710350,Oso,9/3/15 14:44,Owner Surrender,Normal,Dog,Neutered Male,2 months,Border Collie Mix,Black,Herding,Dark
A710089,*Gia,9/3/15 15:08,Owner Surrender,Normal,Cat,Spayed Female,2 months,Domestic Shorthair Mix,Calico,Domestic Shorthair,Tricolor
A708791,Lily,9/3/15 16:14,Owner Surrender,Normal,Dog,Spayed Female,2 years,Staffordshire Mix,Blue/White,Terrier,Medium/Light
A517675,Blanca,9/3/15 17:23,Owner Surrender,Normal,Dog,Spayed Female,11 years,Australian Cattle Dog,White/Black,Herding,Light/Dark
A711221,*Lance,9/4/15 1:47,Stray,Normal,Dog,Intact Male,2 years,Pit Bull Mix,White/Blue,Pit Bull,Light/Medium
A711222,Capone,9/4/15 1:52,Stray,Normal,Dog,Intact Male,3 years,Pit Bull Mix,Brown/White,Pit Bull,Medium/Light
A711229,Ella,9/4/15 9:57,Stray,Normal,Cat,Intact Female,1 month,Domestic Shorthair Mix,Brown Tabby,Domestic Shorthair,Medium/Light
A711231,*Ebby,9/4/15 10:41,Stray,Normal,Dog,Intact Female,2 years,Pit Bull Mix,White/Blue,Pit Bull,Light/Medium
A711241,*Nigel,9/4/15 12:14,Stray,Normal,Cat,Intact Male,1 month,Domestic Shorthair Mix,Brown Tabby,Domestic Shorthair,Medium/Light
A711249,,9/4/15 12:23,Stray,Sick,Cat,Intact Male,3 weeks,Domestic Shorthair Mix,Orange Tabby,Domestic Shorthair,Medium
A711250,,9/4/15 12:23,Stray,Sick,Cat,Intact Male,3 weeks,Domestic Shorthair Mix,Orange Tabby,Domestic Shorthair,Medium
A711251,,9/4/15 12:23,Stray,Sick,Cat,Intact Female,3 weeks,Domestic Shorthair Mix,Brown Tabby,Domestic Shorthair,Medium/Light
A711258,Cash,9/4/15 13:31,Owner Surrender,Normal,Dog,Neutered Male,3 years,Boxer Mix,White/Brown Brindle,Working,Light/Medium
A711257,,9/4/15 14:00,Stray,Nursing,Dog,Intact Female,2 years,Papillon/Skye Terrier,White/Brown,Terrier,Light/Medium
A711259,,9/4/15 14:00,Stray,Nursing,Dog,Intact Female,1 week,Flat Coat Retriever/Papillon,Black,Sporting,Dark
A711260,,9/4/15 14:00,Stray,Nursing,Dog,Intact Female,1 week,Flat Coat Retriever/Papillon,Black/White,Sporting,Dark/Light
A711261,,9/4/15 14:00,Stray,Nursing,Dog,Intact Female,1 week,Flat Coat Retriever/Papillon,Black/Brown,Sporting,Dark/Medium
A711262,Annie,9/4/15 14:00,Stray,Nursing,Dog,Intact Female,1 week,Flat Coat Retriever/Papillon,Black/Brown,Sporting,Dark/Medium
A711263,*Bob,9/4/15 14:00,Stray,Nursing,Dog,Intact Male,1 week,Flat Coat Retriever/Papillon,Brown,Sporting,Medium
A711264,Merlin,9/4/15 14:00,Stray,Nursing,Dog,Intact Male,1 week,Flat Coat Retriever/Papillon,Black/White,Sporting,Dark/Light
A711265,Tigger,9/4/15 15:13,Owner Surrender,Normal,Cat,Neutered Male,5 years,Domestic Shorthair Mix,Orange Tabby/White,Domestic Shorthair,Medium/Light
A711270,,9/4/15 15:37,Stray,Normal,Cat,Spayed Female,1 year,Domestic Medium Hair Mix,Brown Tabby/White,Domestic Medium Hair,Medium/Light
A701901,Sasha,9/4/15 16:55,Stray,Normal,Dog,Spayed Female,1 year,Pit Bull Mix,Blue,Pit Bull,Medium
A701901,Sasha,9/4/15 16:55,Stray,Normal,Dog,Spayed Female,1 year,Pit Bull Mix,Blue,Pit Bull,Medium
A711292,Ida,9/5/15 9:10,Stray,Injured,Dog,Intact Female,1 year,Boxer Mix,White,Working,Light
A711297,*Billy,9/5/15 10:24,Stray,Normal,Dog,Intact Female,1 year,Pit Bull Mix,Blue/White,Pit Bull,Medium/Light
A709918,Francis,9/5/15 11:04,Owner Surrender,Normal,Dog,Spayed Female,6 months,Australian Cattle Dog Mix,White/Brown,Herding,Light/Medium
A711311,Ashes,9/5/15 11:47,Stray,Normal,Dog,Intact Female,2 years,Pit Bull Mix,Blue Tiger/White,Pit Bull,Medium/Light
A711319,*Leah,9/5/15 12:37,Stray,Normal,Cat,Intact Female,1 year,Domestic Shorthair Mix,Black,Domestic Shorthair,Dark
A711320,Max,9/5/15 12:37,Stray,Normal,Cat,Intact Male,4 days,Domestic Shorthair Mix,Black,Domestic Shorthair,Dark
A711322,Dixie,9/5/15 12:37,Stray,Normal,Cat,Intact Female,4 days,Domestic Shorthair Mix,Black,Domestic Shorthair,Dark
A711324,,9/5/15 12:37,Stray,Normal,Cat,Intact Female,4 days,Domestic Shorthair Mix,Blue,Domestic Shorthair,Medium
A711325,,9/5/15 12:37,Stray,Normal,Cat,Intact Female,4 days,Domestic Shorthair Mix,Blue,Domestic Shorthair,Medium
A711326,*Maria,9/5/15 12:37,Stray,Normal,Cat,Intact Female,1 year,Domestic Shorthair Mix,Black,Domestic Shorthair,Dark
A711330,*Cassie,9/5/15 12:37,Stray,Normal,Cat,Intact Female,4 weeks,Domestic Shorthair Mix,Brown Tabby,Domestic Shorthair,Medium/Light
A711334,Gabby,9/5/15 13:02,Owner Surrender,Normal,Cat,Spayed Female,7 years,Domestic Longhair Mix,Blue/White,Domestic Longhair,Medium/Light
A711341,*Duck,9/5/15 14:06,Stray,Normal,Cat,Intact Male,4 weeks,Domestic Shorthair Mix,Black,Domestic Shorthair,Dark
A711342,*Goose,9/5/15 14:06,Stray,Normal,Cat,Intact Male,4 weeks,Domestic Shorthair Mix,Orange Tabby,Domestic Shorthair,Medium
A711343,*Chicken,9/5/15 14:06,Stray,Normal,Cat,Intact Female,4 weeks,Domestic Shorthair Mix,Brown Tabby,Domestic Shorthair,Medium/Light
A711349,*Javier,9/5/15 15:23,Stray,Normal,Cat,Intact Male,1 month,Domestic Shorthair Mix,Black,Domestic Shorthair,Dark
A711362,*Oscar,9/5/15 16:18,Stray,Normal,Cat,Intact Male,1 month,Domestic Shorthair Mix,Orange Tabby/White,Domestic Shorthair,Medium/Light
A711363,*Odette,9/5/15 16:18,Stray,Normal,Cat,Intact Female,1 month,Domestic Shorthair Mix,Tortie,Domestic Shorthair,Dark/Medium
A711413,*Tina,9/6/15 13:56,Stray,Normal,Cat,Intact Female,2 months,Domestic Shorthair Mix,Tortie,Domestic Shorthair,Dark/Medium
A711417,Chavez,9/6/15 14:56,Owner Surrender,Normal,Cat,Neutered Male,15 years,Domestic Shorthair Mix,Blue/White,Domestic Shorthair,Medium/Light
A711428,*Bailey,9/6/15 16:10,Stray,Normal,Dog,Intact Male,2 years,Labrador Retriever Mix,Red/White,Sporting,Medium/Light
A711429,*Miles,9/6/15 16:18,Stray,Normal,Dog,Intact Male,2 years,Labrador Retriever Mix,Black,Sporting,Dark
A711430,*Alana,9/6/15 16:37,Stray,Normal,Dog,Spayed Female,5 years,Labrador Retriever Mix,Tan,Sporting,Medium
A711442,*Libby,9/7/15 0:01,Stray,Normal,Dog,Intact Female,7 months,Boxer Mix,Blue/White,Working,Medium/Light
A711452,,9/7/15 11:01,Stray,Normal,Cat,Intact Female,1 month,Domestic Medium Hair Mix,Blue/White,Domestic Medium Hair,Medium/Light
A711453,,9/7/15 11:01,Stray,Normal,Cat,Intact Male,1 month,Domestic Medium Hair Mix,Orange Tabby/White,Domestic Medium Hair,Medium/Light
A711454,,9/7/15 11:01,Stray,Normal,Cat,Intact Male,1 month,Domestic Medium Hair Mix,Orange Tabby/White,Domestic Medium Hair,Medium/Light
A711458,Ms. Scott,9/7/15 11:22,Stray,Normal,Dog,Spayed Female,9 years,Cairn Terrier Mix,Brown Brindle,Terrier,Medium
A711459,*Hershey,9/7/15 11:30,Stray,Normal,Dog,Neutered Male,2 years,Labrador Retriever Mix,Chocolate/White,Sporting,Dark/Light
A517675,Blanca,9/7/15 11:32,Owner Surrender,Normal,Dog,Spayed Female,11 years,Australian Cattle Dog,White/Black,Herding,Light/Dark
A711461,Autumn,9/7/15 11:42,Owner Surrender,Normal,Dog,Spayed Female,6 years,Black Mouth Cur Mix,Fawn/White,Herding,Light
A711463,*Gary,9/7/15 12:02,Stray,Normal,Cat,Intact Male,1 month,Domestic Shorthair Mix,Black/White,Domestic Shorthair,Dark/Light
A711463,*Gary,9/7/15 12:02,Stray,Normal,Cat,Intact Male,1 month,Domestic Shorthair Mix,Black/White,Domestic Shorthair,Dark/Light
A711464,*Angel,9/7/15 12:02,Stray,Normal,Cat,Intact Male,1 month,Domestic Shorthair Mix,Blue Tabby/White,Domestic Shorthair,Medium/Light
A711465,*Gladys,9/7/15 12:02,Stray,Normal,Cat,Intact Female,1 month,Domestic Shorthair Mix,Brown Tabby/White,Domestic Shorthair,Medium/Light
A711472,*Zion,9/7/15 12:29,Owner Surrender,Normal,Cat,Intact Male,1 month,Domestic Shorthair Mix,Orange Tabby,Domestic Shorthair,Medium
A711473,*Zima,9/7/15 12:29,Owner Surrender,Normal,Cat,Intact Female,1 month,Domestic Shorthair Mix,Tortie,Domestic Shorthair,Dark/Medium
A711474,Cuddles,9/7/15 12:29,Owner Surrender,Normal,Cat,Neutered Male,6 months,Domestic Medium Hair Mix,Orange Tabby,Domestic Medium Hair,Medium
A711476,Cairo,9/7/15 12:29,Owner Surrender,Normal,Cat,Spayed Female,6 months,Domestic Shorthair Mix,Torbie,Domestic Shorthair,Medium/Dark
A711467,*Peanut,9/7/15 12:42,Stray,Normal,Cat,Intact Male,1 month,Domestic Shorthair Mix,Black,Domestic Shorthair,Dark
A711467,*Peanut,9/7/15 12:42,Stray,Normal,Cat,Intact Male,1 month,Domestic Shorthair Mix,Black,Domestic Shorthair,Dark
A711468,*Butter,9/7/15 12:42,Stray,Normal,Cat,Intact Female,1 month,Domestic Shorthair Mix,Calico,Domestic Shorthair,Tricolor
A711469,*Jelly,9/7/15 12:42,Stray,Normal,Cat,Intact Female,1 month,Domestic Shorthair Mix,Brown Tabby/White,Domestic Shorthair,Medium/Light
A711480,Nala,9/7/15 13:32,Owner Surrender,Normal,Dog,Intact Female,2 months,German Shepherd Mix,Sable,Herding,Medium/Dark
A711482,*Fred,9/7/15 13:43,Stray,Normal,Cat,Intact Male,4 weeks,Domestic Shorthair Mix,Black,Domestic Shorthair,Dark
A711483,*Barney,9/7/15 13:43,Stray,Normal,Cat,Intact Male,4 weeks,Domestic Shorthair Mix,Black Smoke,Domestic Shorthair,Dark
A711486,L.C.,9/7/15 14:14,Owner Surrender,Normal,Cat,Neutered Male,9 years,Domestic Longhair Mix,Black/White,Domestic Longhair,Dark/Light
A711486,L.C.,9/7/15 14:14,Owner Surrender,Normal,Cat,Neutered Male,9 years,Domestic Longhair Mix,Black/White,Domestic Longhair,Dark/Light
A711492,,9/7/15 14:26,Stray,Normal,Dog,Intact Female,1 month,Plott Hound Mix,White/Brown,Hound,Light/Medium
A711493,,9/7/15 14:26,Stray,Normal,Dog,Intact Male,1 month,Plott Hound Mix,Brown,Hound,Medium
A711494,*Celeste,9/7/15 14:39,Stray,Normal,Cat,Intact Female,1 month,Domestic Shorthair Mix,Orange Tabby/White,Domestic Shorthair,Medium/Light
A708394,Bevo,9/7/15 14:57,Owner Surrender,Normal,Dog,Neutered Male,8 years,Chow Chow Mix,Brown/Black,Non-Sporting,Medium/Dark
A708081,Nickels,9/7/15 16:37,Owner Surrender,Normal,Cat,Neutered Male,2 years,Domestic Shorthair Mix,Blue Tabby/White,Domestic Shorthair,Medium/Light
A696688,Mari,9/7/15 16:41,Owner Surrender,Normal,Cat,Spayed Female,3 years,Domestic Shorthair Mix,Calico/White,Domestic Shorthair,Tricolor
A711514,*Dakota,9/7/15 17:35,Stray,Normal,Dog,Intact Female,1 month,Australian Cattle Dog Mix,Blue Merle/White,Herding,Light/Medium
A711522,Junebug,9/7/15 23:30,Stray,Normal,Dog,Intact Female,1 year,Pit Bull Mix,Red/White,Pit Bull,Medium/Light
A711531,*Cinderelli,9/8/15 11:43,Stray,Normal,Cat,Intact Female,2 months,Domestic Shorthair Mix,Black/White,Domestic Shorthair,Dark/Light
A711535,Kyra,9/8/15 12:56,Stray,Normal,Dog,Intact Female,1 year,Pit Bull Mix,Fawn/White,Pit Bull,Light
A711535,Kyra,9/8/15 12:56,Stray,Normal,Dog,Intact Female,1 year,Pit Bull Mix,Fawn/White,Pit Bull,Light
A708518,Merce,9/8/15 15:47,Owner Surrender,Normal,Cat,Neutered Male,2 years,Domestic Shorthair Mix,Orange Tabby,Domestic Shorthair,Medium
A711544,*Elvira,9/8/15 15:50,Owner Surrender,Normal,Cat,Intact Female,1 year,Domestic Shorthair Mix,Black,Domestic Shorthair,Dark
A711549,Mya,9/8/15 15:57,Public Assist,Normal,Dog,Intact Female,2 years,Chihuahua Shorthair Mix,Red/White,Toy,Medium/Light
A711552,Quincy,9/8/15 16:35,Stray,Normal,Dog,Neutered Male,4 years,American Staffordshire Terrier Mix,Red/White,Terrier,Medium/Light
A711553,*Abbott,9/8/15 17:07,Stray,Normal,Dog,Intact Male,4 years,Cardigan Welsh Corgi Mix,Tricolor,Herding,Tricolor
A711555,*Trina,9/8/15 17:17,Stray,Normal,Dog,Spayed Female,9 years,Chihuahua Shorthair,Black/White,Toy,Dark/Light
A711561,*Peter,9/8/15 17:51,Stray,Normal,Dog,Intact Male,1 year,Chihuahua Shorthair Mix,Tan,Toy,Medium
A711383,Greta,9/8/15 18:00,Public Assist,Normal,Dog,Intact Female,2 years,German Shepherd Mix,Brown/Black,Herding,Medium/Dark
A711384,Boss,9/8/15 18:00,Public Assist,Normal,Dog,Intact Male,6 months,Siberian Husky/German Shepherd,Brown Merle,Herding,Light/Medium
A711385,Devil,9/8/15 18:00,Public Assist,Normal,Dog,Intact Male,6 months,Siberian Husky/German Shepherd,Sable,Herding,Medium/Dark
A711565,Pandora,9/8/15 23:14,Public Assist,Normal,Dog,Intact Female,2 years,Australian Cattle Dog Mix,White/Black,Herding,Light/Dark
A711568,*Dolly,9/9/15 8:08,Stray,Injured,Cat,Intact Female,6 years,Domestic Shorthair Mix,Brown Tabby/Black,Domestic Shorthair,Tricolor
A711572,*Candy,9/9/15 10:34,Stray,Normal,Dog,Intact Female,2 years,Chihuahua Shorthair Mix,Blue/Tan,Toy,Medium
A711571,Reggie Veggi,9/9/15 10:47,Stray,Sick,Dog,Intact Male,3 years,Border Collie Mix,Black/White,Herding,Dark/Light
A711571,Reggie Veggi,9/9/15 10:47,Stray,Sick,Dog,Intact Male,3 years,Border Collie Mix,Black/White,Herding,Dark/Light
A711574,John,9/9/15 11:00,Owner Surrender,Normal,Cat,Intact Male,1 month,Domestic Shorthair Mix,Orange Tabby,Domestic Shorthair,Medium
A711575,Ringo,9/9/15 11:00,Owner Surrender,Normal,Cat,Intact Male,4 weeks,Domestic Shorthair Mix,Orange Tabby,Domestic Shorthair,Medium
A711576,Paul,9/9/15 11:00,Owner Surrender,Normal,Cat,Intact Male,1 month,Domestic Shorthair Mix,Orange Tabby,Domestic Shorthair,Medium
A711577,Finn,9/9/15 11:00,Owner Surrender,Normal,Cat,Intact Male,4 weeks,Domestic Shorthair Mix,Orange Tabby,Domestic Shorthair,Medium
A711579,Gigi,9/9/15 11:09,Owner Surrender,Normal,Cat,Intact Female,1 year,Domestic Shorthair Mix,Calico,Domestic Shorthair,Tricolor
A711580,Tom,9/9/15 11:15,Stray,Normal,Cat,Intact Male,1 month,Domestic Shorthair Mix,Brown Tabby,Domestic Shorthair,Medium/Light
A711582,Angelina,9/9/15 11:43,Stray,Normal,Dog,Intact Female,1 year,Pit Bull Mix,Black/White,Pit Bull,Dark/Light
A711582,Angelina,9/9/15 11:43,Stray,Normal,Dog,Intact Female,1 year,Pit Bull Mix,Black/White,Pit Bull,Dark/Light
A711582,Angelina,9/9/15 11:43,Stray,Normal,Dog,Intact Female,1 year,Pit Bull Mix,Black/White,Pit Bull,Dark/Light
A711582,Angelina,9/9/15 11:43,Stray,Normal,Dog,Intact Female,1 year,Pit Bull Mix,Black/White,Pit Bull,Dark/Light
A711583,*Phoebe,9/9/15 11:43,Stray,Normal,Dog,Intact Female,1 year,Pit Bull Mix,Black/White,Pit Bull,Dark/Light
A711584,Kitty,9/9/15 12:11,Stray,Normal,Cat,Intact Male,4 weeks,Domestic Shorthair Mix,Black/White,Domestic Shorthair,Dark/Light
A711585,,9/9/15 12:16,Stray,Normal,Dog,Intact Female,1 month,Labrador Retriever Mix,Black/White,Sporting,Dark/Light
A711595,*Griswald,9/9/15 12:18,Stray,Normal,Dog,Intact Male,3 years,Chihuahua Shorthair Mix,Buff,Toy,Light
A711587,*Yolanda,9/9/15 12:25,Stray,Normal,Cat,Intact Female,2 months,Domestic Shorthair Mix,Black,Domestic Shorthair,Dark
A711589,*Rachelle,9/9/15 12:28,Stray,Normal,Cat,Intact Female,4 weeks,Domestic Shorthair Mix,Brown Tabby,Domestic Shorthair,Medium/Light
A711590,*Reina,9/9/15 12:28,Stray,Normal,Cat,Intact Female,4 weeks,Domestic Shorthair Mix,Brown Tabby,Domestic Shorthair,Medium/Light
A711591,*Royston,9/9/15 12:28,Stray,Normal,Cat,Intact Male,4 weeks,Domestic Shorthair Mix,Brown Tabby,Domestic Shorthair,Medium/Light
A711592,*Ruby Rose,9/9/15 12:28,Stray,Normal,Cat,Intact Female,4 weeks,Domestic Shorthair Mix,Torbie,Domestic Shorthair,Medium/Dark
A711593,*Ryland,9/9/15 12:28,Stray,Normal,Cat,Intact Male,4 weeks,Domestic Shorthair Mix,Orange Tabby,Domestic Shorthair,Medium
A711602,Alphones,9/9/15 14:10,Stray,Normal,Dog,Neutered Male,2 years,Labrador Retriever/Mastiff,Red/White,Sporting,Medium/Light
A711602,Alphones,9/9/15 14:10,Stray,Normal,Dog,Neutered Male,2 years,Labrador Retriever/Mastiff,Red/White,Sporting,Medium/Light
A711603,*Belle,9/9/15 14:24,Stray,Normal,Cat,Intact Female,2 months,Domestic Shorthair Mix,Black/White,Domestic Shorthair,Dark/Light
A711604,*Benny,9/9/15 14:24,Stray,Normal,Cat,Intact Male,2 months,Manx Mix,Black,Exotic,Dark
A711607,*Bosco,9/9/15 14:24,Stray,Normal,Cat,Intact Male,2 months,Manx Mix,White/Black,Exotic,Light/Dark
A711612,Rambo,9/9/15 16:16,Stray,Normal,Dog,Neutered Male,4 years,Beauceron Mix,Black/Tan,Herding,Dark/Medium
A711612,Rambo,9/9/15 16:16,Stray,Normal,Dog,Neutered Male,4 years,Beauceron Mix,Black/Tan,Herding,Dark/Medium
A711613,Lola,9/9/15 16:16,Stray,Normal,Dog,Spayed Female,1 year,Beauceron Mix,Black/Tan,Herding,Dark/Medium
A711613,Lola,9/9/15 16:16,Stray,Normal,Dog,Spayed Female,1 year,Beauceron Mix,Black/Tan,Herding,Dark/Medium
A711619,Tiki,9/9/15 17:08,Owner Surrender,Normal,Dog,Intact Female,7 years,Dachshund Mix,Brown Brindle,Hound,Medium
A600766,Sgt Finley,9/9/15 17:28,Public Assist,Normal,Dog,Neutered Male,8 years,Great Pyrenees,White/Gray,Working,Light/Medium
A711621,Lexi,9/9/15 17:43,Stray,Normal,Dog,Intact Female,1 year,Labrador Retriever Mix,Tan/White,Sporting,Medium/Light
A711621,Lexi,9/9/15 17:43,Stray,Normal,Dog,Intact Female,1 year,Labrador Retriever Mix,Tan/White,Sporting,Medium/Light
A711622,,9/9/15 17:50,Stray,Normal,Dog,Intact Male,1 month,Labrador Retriever Mix,Black/White,Sporting,Dark/Light
A711623,Emma,9/9/15 18:19,Stray,Normal,Dog,Intact Female,3 years,Black Mouth Cur Mix,Brown/White,Herding,Medium/Light
A711624,Rambo,9/9/15 18:29,Public Assist,Normal,Dog,Intact Male,2 years,American Pit Bull Terrier Mix,White/Blue,Terrier,Light/Medium
A711641,Mickey,9/10/15 10:27,Stray,Normal,Dog,Intact Male,2 months,Dachshund/Chihuahua Shorthair,Tricolor,Hound,Tricolor
A706888,Midnight,9/10/15 12:10,Stray,Normal,Dog,Spayed Female,1 year,Pointer Mix,Black/White,Sporting,Dark/Light
A711657,*Mina,9/10/15 12:57,Stray,Normal,Dog,Intact Female,3 years,Pit Bull Mix,Black/White,Pit Bull,Dark/Light
A711659,*Ramona,9/10/15 13:09,Owner Surrender,Normal,Cat,Intact Female,1 month,Domestic Shorthair Mix,Black Smoke,Domestic Shorthair,Dark
A711660,*Dinah,9/10/15 13:09,Owner Surrender,Normal,Cat,Intact Female,1 month,Domestic Shorthair Mix,Black,Domestic Shorthair,Dark
A711661,*Danzig,9/10/15 13:09,Owner Surrender,Normal,Cat,Intact Male,1 month,Domestic Shorthair Mix,Black Smoke,Domestic Shorthair,Dark
A711662,*Carl,9/10/15 13:09,Owner Surrender,Normal,Cat,Intact Male,1 month,Domestic Shorthair Mix,Brown Tabby,Domestic Shorthair,Medium/Light
A711663,*Frylock,9/10/15 13:09,Owner Surrender,Normal,Cat,Intact Male,1 month,Domestic Shorthair Mix,Brown Tabby,Domestic Shorthair,Medium/Light
A711664,*Anya,9/10/15 13:09,Owner Surrender,Normal,Cat,Intact Female,1 month,Siamese Mix,Lynx Point,Siamese,Light/Medium
A355753,Elijah,9/10/15 13:14,Owner Surrender,Normal,Dog,Neutered Male,11 years,Beagle Mix,Tricolor,Hound,Tricolor
A355753,Elijah,9/10/15 13:14,Owner Surrender,Normal,Dog,Neutered Male,11 years,Beagle Mix,Tricolor,Hound,Tricolor
A711671,,9/10/15 13:52,Public Assist,Normal,Other,Intact Male,3 years,Rat Mix,Black/White,Unknown,Dark/Light
A711674,*Rusty,9/10/15 15:24,Stray,Normal,Cat,Intact Male,7 months,Domestic Shorthair Mix,Blue/White,Domestic Shorthair,Medium/Light
A711675,*Dusty,9/10/15 15:24,Stray,Normal,Cat,Intact Male,7 months,Domestic Shorthair Mix,Blue/White,Domestic Shorthair,Medium/Light
A711682,*Rocky,9/10/15 17:08,Stray,Normal,Cat,Intact Male,1 month,Domestic Shorthair Mix,Orange Tabby,Domestic Shorthair,Medium
A711683,*Squeaky,9/10/15 17:08,Stray,Normal,Cat,Intact Male,1 month,Domestic Shorthair Mix,Orange Tabby/White,Domestic Shorthair,Medium/Light
A711684,*Amos,9/10/15 17:08,Stray,Normal,Cat,Intact Male,1 month,Domestic Shorthair Mix,White/Orange Tabby,Domestic Shorthair,Light/Medium
A711685,*Aaron,9/10/15 17:08,Stray,Normal,Cat,Intact Male,1 month,Domestic Shorthair Mix,White/Orange Tabby,Domestic Shorthair,Light/Medium
A711691,Blue,9/10/15 19:38,Stray,Normal,Dog,Intact Female,1 year,Pit Bull,Blue/White,Pit Bull,Medium/Light
A711598,Osita,9/11/15 11:43,Public Assist,Normal,Dog,Spayed Female,1 year,Chow Chow Mix,Red,Non-Sporting,Medium
A711714,Mimi,9/11/15 11:52,Owner Surrender,Normal,Dog,Spayed Female,7 years,Miniature Pinscher Mix,Red,Toy,Medium
A711713,Link Iii,9/11/15 12:06,Stray,Normal,Cat,Intact Male,1 month,Siamese Mix,Lynx Point,Siamese,Light/Medium
A711716,Dog,9/11/15 12:17,Owner Surrender,Normal,Dog,Intact Male,2 years,American Pit Bull Terrier Mix,Blue/White,Terrier,Medium/Light
A694580,Rocko,9/11/15 12:25,Stray,Normal,Dog,Neutered Male,1 year,German Shepherd/Labrador Retriever,Tan/Black,Herding,Medium/Dark
A711715,Dena,9/11/15 12:39,Owner Surrender,Normal,Dog,Intact Female,1 year,Labrador Retriever Mix,Black,Sporting,Dark
A711721,,9/11/15 12:44,Stray,Normal,Cat,Neutered Male,1 year,Domestic Medium Hair Mix,Brown Tabby,Domestic Medium Hair,Medium/Light
A711720,*Lucy,9/11/15 12:49,Stray,Normal,Dog,Intact Female,1 year,Pointer/Bull Terrier,White/Brown,Terrier,Light/Medium
A711732,Lea,9/11/15 13:22,Stray,Normal,Cat,Spayed Female,1 year,Domestic Shorthair Mix,Orange Tabby,Domestic Shorthair,Medium
A711733,*Orangesicle,9/11/15 13:28,Stray,Normal,Cat,Intact Male,9 months,Domestic Medium Hair Mix,White/Orange Tabby,Domestic Medium Hair,Light/Medium
A711739,Lola,9/11/15 14:22,Stray,Normal,Dog,Intact Female,3 years,Pit Bull Mix,Blue/White,Pit Bull,Medium/Light
A711739,Lola,9/11/15 14:22,Stray,Normal,Dog,Intact Female,3 years,Pit Bull Mix,Blue/White,Pit Bull,Medium/Light
A711740,*Sylvan,9/11/15 14:22,Stray,Normal,Dog,Intact Male,3 years,Pit Bull Mix,Tan/White,Pit Bull,Medium/Light
A711749,*Karina,9/11/15 14:44,Stray,Normal,Cat,Intact Female,4 months,Domestic Shorthair Mix,Tortie,Domestic Shorthair,Dark/Medium
A711744,,9/11/15 15:06,Stray,Normal,Cat,Intact Male,2 years,Domestic Shorthair Mix,Brown Tabby,Domestic Shorthair,Medium/Light
A711745,Hydel,9/11/15 15:21,Owner Surrender,Normal,Cat,Neutered Male,8 years,Domestic Medium Hair Mix,Brown Tabby,Domestic Medium Hair,Medium/Light
A711746,Sissy,9/11/15 15:21,Owner Surrender,Normal,Cat,Spayed Female,8 years,Domestic Shorthair Mix,Black/White,Domestic Shorthair,Dark/Light
A698938,Cocoa,9/11/15 15:48,Public Assist,Normal,Dog,Spayed Female,4 years,Dutch Shepherd Mix,Brown Brindle,Herding,Medium
A711079,Phoebe,9/11/15 15:54,Owner Surrender,Normal,Dog,Intact Female,6 years,Pit Bull Mix,Tan/White,Pit Bull,Medium/Light
A700295,Robin,9/11/15 16:22,Owner Surrender,Normal,Dog,Spayed Female,9 months,Labrador Retriever/Anatol Shepherd,White/Tricolor,Herding,Tricolor
A711751,Gibson,9/11/15 16:31,Stray,Normal,Dog,Intact Male,5 months,Dachshund/Chihuahua Shorthair,Black/White,Hound,Dark/Light
A711752,*Ashley,9/11/15 17:06,Public Assist,Normal,Dog,Intact Female,1 year,Boxer/Pit Bull,Brown Brindle,Working,Medium
A711762,*Princess An,9/11/15 23:36,Stray,Injured,Dog,Intact Female,11 months,Maltese Mix,White,Toy,Light
A711823,*Beau,9/12/15 8:07,Stray,Normal,Cat,Intact Male,5 weeks,Domestic Shorthair Mix,Orange Tabby,Domestic Shorthair,Medium
A711771,*Minnie,9/12/15 10:52,Stray,Normal,Dog,Intact Female,2 years,Chihuahua Shorthair Mix,Tan,Toy,Medium
A711775,*Blake,9/12/15 11:12,Stray,Injured,Dog,Neutered Male,10 years,Miniature Poodle Mix,White,Non-Sporting,Light
A711779,Jellie,9/12/15 11:16,Stray,Normal,Dog,Intact Female,1 year,Chihuahua Shorthair Mix,White/Black,Toy,Light/Dark
A711779,Jellie,9/12/15 11:16,Stray,Normal,Dog,Intact Female,1 year,Chihuahua Shorthair Mix,White/Black,Toy,Light/Dark
A705673,Luna,9/12/15 11:40,Owner Surrender,Normal,Dog,Spayed Female,1 year,Siberian Husky Mix,Black/White,Working,Dark/Light
A711783,*Carl,9/12/15 11:54,Stray,Normal,Dog,Intact Male,4 years,American Bulldog/Pit Bull,White/Brown,Non-Sporting,Light/Medium
A711786,Snowy,9/12/15 12:17,Owner Surrender,Normal,Cat,Intact Male,5 months,Domestic Shorthair Mix,White,Domestic Shorthair,Light
A711787,Tigger,9/12/15 12:17,Owner Surrender,Normal,Cat,Intact Male,5 months,Domestic Shorthair Mix,Orange Tabby,Domestic Shorthair,Medium
A711788,Little Girl,9/12/15 12:17,Owner Surrender,Normal,Cat,Intact Female,5 months,Domestic Shorthair Mix,Brown Tabby,Domestic Shorthair,Medium/Light
A700302,Boss,9/12/15 12:36,Owner Surrender,Normal,Dog,Neutered Male,2 years,Labrador Retriever/Great Pyrenees,Red/White,Sporting,Medium/Light
A711791,*Bernie,9/12/15 12:46,Stray,Normal,Dog,Intact Male,4 months,Pointer Mix,White/Black,Sporting,Light/Dark
A711794,*Lewey,9/12/15 13:01,Stray,Normal,Dog,Intact Male,1 year,Chihuahua Shorthair Mix,Brown/White,Toy,Medium/Light
A711798,*Ollie,9/12/15 13:03,Stray,Normal,Dog,Intact Male,5 months,Rat Terrier Mix,White/Black,Terrier,Light/Dark
A711806,*Boomer,9/12/15 13:28,Stray,Normal,Dog,Neutered Male,2 years,Soft Coated Wheaten Terrier Mix,Black/White,Terrier,Dark/Light
A711807,Lola,9/12/15 13:28,Stray,Normal,Dog,Spayed Female,2 years,Chinese Sharpei/Australian Cattle Dog,Red Tick/White,Non-Sporting,Light/Medium
A623562,Leto,9/12/15 14:04,Owner Surrender,Normal,Dog,Neutered Male,4 years,Cairn Terrier/Dachshund Wirehair,Black/Tan,Terrier,Dark/Medium
A623562,Leto,9/12/15 14:04,Owner Surrender,Normal,Dog,Neutered Male,4 years,Cairn Terrier/Dachshund Wirehair,Black/Tan,Terrier,Dark/Medium
A711817,*Tibby,9/12/15 14:22,Stray,Normal,Cat,Intact Female,4 weeks,Domestic Shorthair Mix,Black/White,Domestic Shorthair,Dark/Light
A711818,*Tellison,9/12/15 14:22,Stray,Normal,Cat,Intact Male,4 weeks,Domestic Shorthair Mix,Black/White,Domestic Shorthair,Dark/Light
A711819,Spirit,9/12/15 14:22,Stray,Normal,Cat,Intact Male,3 weeks,Domestic Shorthair Mix,Black/White,Domestic Shorthair,Dark/Light
A711820,Tuxedo,9/12/15 14:22,Stray,Normal,Cat,Intact Male,4 weeks,Domestic Shorthair Mix,Black/White,Domestic Shorthair,Dark/Light
A711821,Leo,9/12/15 14:22,Stray,Normal,Cat,Intact Male,4 weeks,Domestic Longhair Mix,Black,Domestic Longhair,Dark
A711824,*Bindi,9/12/15 14:35,Stray,Normal,Cat,Intact Female,5 weeks,Domestic Shorthair Mix,Torbie,Domestic Shorthair,Medium/Dark
A711825,*Bonnie,9/12/15 14:35,Stray,Normal,Cat,Intact Female,5 weeks,Domestic Shorthair Mix,Brown Tabby,Domestic Shorthair,Medium/Light
A711826,*Jolie,9/12/15 14:35,Stray,Normal,Cat,Intact Female,5 weeks,Domestic Shorthair Mix,Brown Tabby,Domestic Shorthair,Medium/Light
A711827,*Baron,9/12/15 14:35,Stray,Normal,Cat,Intact Male,5 weeks,Domestic Shorthair Mix,Brown Tabby,Domestic Shorthair,Medium/Light
A711812,,9/12/15 14:43,Stray,Normal,Dog,Intact Male,3 years,Jack Russell Terrier/Shih Tzu,White/Brown,Terrier,Light/Medium
A711833,,9/12/15 15:06,Stray,Normal,Dog,Intact Female,1 month,German Shepherd Mix,Red,Herding,Medium
A711838,Rosco,9/12/15 15:12,Stray,Normal,Cat,Neutered Male,5 years,Maine Coon Mix,Cream Tabby,Exotic,Light/Medium
A711839,*Sondrea,9/12/15 15:12,Stray,Normal,Cat,Spayed Female,5 years,Domestic Longhair Mix,Black/White,Domestic Longhair,Dark/Light
A711830,*Daisy,9/12/15 15:15,Stray,Normal,Dog,Intact Female,2 years,Pit Bull Mix,Black Brindle/White,Pit Bull,Tricolor
A711828,*Donald,9/12/15 15:15,Stray,Normal,Dog,Intact Male,2 years,American Bulldog Mix,White/Tan,Non-Sporting,Light/Medium
A711865,*Mavis,9/12/15 15:17,Stray,Normal,Dog,Intact Female,6 months,Bruss Griffon Mix,Black/White,Toy,Dark/Light
A711866,*Maricela,9/12/15 15:17,Stray,Normal,Dog,Intact Female,5 months,Bruss Griffon Mix,Blue Merle/Black,Toy,Tricolor
A711867,*Michelle,9/12/15 15:17,Stray,Normal,Dog,Intact Female,9 months,Bruss Griffon Mix,White,Toy,Light
A711840,*Bianca,9/12/15 15:25,Stray,Normal,Dog,Intact Female,1 year,Staffordshire Mix,White/Black,Terrier,Light/Dark
A711072,Luigi,9/12/15 15:50,Owner Surrender,Normal,Cat,Neutered Male,3 months,Domestic Shorthair Mix,White/Black,Domestic Shorthair,Light/Dark
A709979,Jackson,9/12/15 15:54,Owner Surrender,Normal,Cat,Neutered Male,1 year,Domestic Shorthair,White/Orange,Domestic Shorthair,Light/Medium
A711846,Zeezou,9/12/15 16:23,Owner Surrender,Normal,Cat,Intact Male,4 weeks,Domestic Shorthair Mix,Brown Tabby,Domestic Shorthair,Medium/Light
A711847,*Simba,9/12/15 16:23,Owner Surrender,Normal,Cat,Intact Male,4 weeks,Domestic Shorthair Mix,Brown Tabby,Domestic Shorthair,Medium/Light
A711849,*Polonius,9/12/15 16:23,Owner Surrender,Normal,Cat,Intact Male,4 weeks,Domestic Shorthair Mix,Blue Tabby/White,Domestic Shorthair,Medium/Light
A711850,*Beethoven,9/12/15 16:23,Owner Surrender,Normal,Cat,Intact Male,4 weeks,Domestic Shorthair Mix,Orange Tabby,Domestic Shorthair,Medium
A711851,*Bach,9/12/15 16:23,Owner Surrender,Normal,Cat,Intact Male,1 weeks,Domestic Shorthair Mix,Orange Tabby/White,Domestic Shorthair,Medium/Light
A711852,*Chopin,9/12/15 16:23,Owner Surrender,Normal,Cat,Intact Male,3 weeks,Domestic Shorthair Mix,Cream Tabby,Domestic Shorthair,Light/Medium
A711852,*Chopin,9/12/15 16:23,Owner Surrender,Normal,Cat,Intact Male,3 weeks,Domestic Shorthair Mix,Cream Tabby,Domestic Shorthair,Light/Medium
A711853,*Nala,9/12/15 16:23,Owner Surrender,Normal,Cat,Intact Female,4 weeks,Domestic Shorthair Mix,Brown Tabby,Domestic Shorthair,Medium/Light
A711854,*Mozart,9/12/15 16:23,Owner Surrender,Normal,Cat,Intact Female,1 weeks,Domestic Shorthair Mix,Black/White,Domestic Shorthair,Dark/Light
A710318,Tank,9/12/15 16:37,Owner Surrender,Normal,Dog,Neutered Male,5 years,Pit Bull Mix,Brown Brindle/White,Pit Bull,Medium/Light
A711848,Foxy,9/12/15 16:43,Stray,Normal,Dog,Intact Female,5 years,Chihuahua Shorthair Mix,Black/White,Toy,Dark/Light
A711855,*Trooper,9/12/15 17:00,Owner Surrender,Injured,Dog,Intact Male,2 months,Miniature Pinscher Mix,Black/Tan,Toy,Dark/Medium
A711859,*Travis,9/12/15 17:27,Stray,Normal,Cat,Intact Male,1 month,Domestic Shorthair Mix,Black,Domestic Shorthair,Dark
A711860,*Randy,9/12/15 17:27,Stray,Normal,Cat,Intact Male,1 month,Domestic Shorthair Mix,Blue Tabby,Domestic Shorthair,Medium/Light
A711872,Aphrodite,9/13/15 7:47,Stray,Injured,Cat,Spayed Female,10 years,Domestic Longhair Mix,Brown Tabby,Domestic Longhair,Medium/Light
A711873,,9/13/15 8:04,Stray,Normal,Cat,Spayed Female,1 year,Domestic Shorthair Mix,Calico,Domestic Shorthair,Tricolor
A711876,*Greta,9/13/15 10:38,Stray,Injured,Cat,Intact Female,2 months,Domestic Shorthair Mix,Black,Domestic Shorthair,Dark
A711878,*Jake,9/13/15 11:02,Stray,Normal,Dog,Neutered Male,4 years,Labrador Retriever Mix,Black/White,Sporting,Dark/Light
A711880,Leah,9/13/15 11:23,Stray,Normal,Dog,Intact Female,2 months,Australian Shepherd Mix,Black/White,Herding,Dark/Light
A711881,,9/13/15 11:39,Stray,Normal,Dog,Intact Female,2 months,Dachshund Mix,Tan/White,Hound,Medium/Light
A711882,Lulu,9/13/15 11:42,Stray,Normal,Dog,Intact Female,4 months,Rat Terrier Mix,White/Black,Terrier,Light/Dark
A701644,*Laura,9/13/15 12:10,Owner Surrender,Normal,Cat,Spayed Female,6 months,Domestic Shorthair Mix,Brown Tabby,Domestic Shorthair,Medium/Light
A701643,*Chip,9/13/15 12:10,Owner Surrender,Normal,Cat,Neutered Male,6 months,Domestic Shorthair Mix,Brown Tabby,Domestic Shorthair,Medium/Light
A711897,*Hilda,9/13/15 12:27,Stray,Normal,Dog,Intact Female,11 months,Great Dane/Labrador Retriever,Black/White,Working,Dark/Light
A711893,Frenchy,9/13/15 12:38,Owner Surrender,Normal,Dog,Spayed Female,5 months,Labrador Retriever Mix,Tan,Sporting,Medium
A711894,Hubble,9/13/15 12:44,Stray,Normal,Dog,Spayed Female,2 years,Labrador Retriever Mix,Black/White,Sporting,Dark/Light
A711901,Hope,9/13/15 14:01,Stray,Normal,Dog,Spayed Female,5 years,Australian Shepherd Mix,White/Brown,Herding,Light/Medium
A696247,*Jillian,9/13/15 14:14,Owner Surrender,Normal,Dog,Spayed Female,2 years,Pointer Mix,Chocolate/White,Sporting,Dark/Light
A711902,*Oscar,9/13/15 14:27,Stray,Normal,Cat,Intact Male,3 weeks,Domestic Shorthair Mix,Black/White,Domestic Shorthair,Dark/Light
A711904,*Veronica,9/13/15 14:27,Stray,Normal,Cat,Intact Female,3 weeks,Domestic Shorthair Mix,Calico,Domestic Shorthair,Tricolor
A711905,,9/13/15 14:51,Stray,Normal,Dog,Intact Female,6 months,Flat Coat Retriever Mix,Chocolate,Sporting,Dark
A711906,*Selena,9/13/15 15:02,Stray,Normal,Dog,Spayed Female,12 years,Rat Terrier Mix,White/Black,Terrier,Light/Dark
A631494,Taco Bell,9/13/15 15:11,Public Assist,Normal,Dog,Neutered Male,4 years,Chihuahua Shorthair Mix,Brown,Toy,Medium
A631494,Taco Bell,9/13/15 15:11,Public Assist,Normal,Dog,Neutered Male,4 years,Chihuahua Shorthair Mix,Brown,Toy,Medium
A711907,Loco,9/13/15 15:19,Stray,Normal,Dog,Intact Male,5 years,Miniature Poodle Mix,White/Black,Non-Sporting,Light/Dark
A711911,Apollo,9/13/15 15:39,Stray,Normal,Dog,Neutered Male,3 years,Anatol Shepherd Mix,Tan/White,Herding,Medium/Light
A711913,Quinn,9/13/15 15:55,Stray,Normal,Dog,Intact Female,2 months,German Shepherd Mix,Black/Tan,Herding,Dark/Medium
A711913,Quinn,9/13/15 15:55,Stray,Normal,Dog,Intact Female,2 months,German Shepherd Mix,Black/Tan,Herding,Dark/Medium
A711910,Zoey,9/13/15 16:45,Stray,Normal,Dog,Spayed Female,8 years,German Shorthair Pointer Mix,White/Liver,Herding,Light/Medium
A711917,*Mooney,9/13/15 16:54,Stray,Normal,Dog,Intact Male,2 years,Miniature Poodle Mix,White,Non-Sporting,Light
A711918,*Jaqueline,9/13/15 17:13,Stray,Normal,Dog,Intact Female,3 years,Staffordshire Mix,Red,Terrier,Medium
A711919,,9/13/15 17:37,Stray,Normal,Dog,Neutered Male,6 years,Maltese Mix,White,Toy,Light
A711920,*Rhianna,9/13/15 17:43,Stray,Normal,Dog,Intact Female,2 years,Labrador Retriever Mix,Yellow/White,Sporting,Light
A711923,*Remy,9/14/15 8:31,Stray,Injured,Dog,Intact Male,3 months,Patterdale Terr Mix,Black,Terrier,Dark
A711924,*Bean,9/14/15 8:38,Stray,Other,Cat,Intact Male,1 year,Domestic Shorthair Mix,Brown Tabby,Domestic Shorthair,Medium/Light
A700396,Calseta,9/14/15 10:57,Stray,Normal,Dog,Spayed Female,3 years,Pit Bull Mix,Black/White,Pit Bull,Dark/Light
A700396,Calseta,9/14/15 10:57,Stray,Normal,Dog,Spayed Female,3 years,Pit Bull Mix,Black/White,Pit Bull,Dark/Light
A700396,Calseta,9/14/15 10:57,Stray,Normal,Dog,Spayed Female,3 years,Pit Bull Mix,Black/White,Pit Bull,Dark/Light
A711938,,9/14/15 11:10,Stray,Normal,Dog,Intact Male,4 months,Dachshund/Chinese Sharpei,Black/Tan,Hound,Dark/Medium
A711940,*Blue,9/14/15 11:49,Stray,Normal,Dog,Intact Male,1 year,Pit Bull Mix,Blue/White,Pit Bull,Medium/Light
A711941,,9/14/15 11:50,Stray,Normal,Dog,Intact Female,3 months,Chihuahua Shorthair Mix,Fawn,Toy,Light
A711946,Ellie,9/14/15 11:53,Stray,Normal,Dog,Intact Female,1 year,Siberian Husky Mix,White/Tan,Working,Light/Medium
A711948,,9/14/15 12:17,Stray,Normal,Cat,Intact Male,2 months,Domestic Shorthair Mix,Black,Domestic Shorthair,Dark
A711949,,9/14/15 12:17,Stray,Normal,Cat,Intact Male,2 months,Domestic Shorthair Mix,Blue,Domestic Shorthair,Medium
A711950,,9/14/15 12:17,Stray,Normal,Cat,Intact Female,2 months,Domestic Shorthair Mix,Tortie,Domestic Shorthair,Dark/Medium
A711951,,9/14/15 12:17,Stray,Normal,Cat,Intact Female,2 months,Domestic Shorthair Mix,Tortie,Domestic Shorthair,Dark/Medium
A711952,,9/14/15 12:17,Stray,Normal,Cat,Intact Female,2 months,Domestic Shorthair Mix,Tortie,Domestic Shorthair,Dark/Medium
A711955,Scooter,9/14/15 12:29,Stray,Normal,Dog,Intact Male,2 months,Dachshund Mix,White/Orange,Hound,Light/Medium
A711958,Nugget,9/14/15 12:35,Owner Surrender,Normal,Cat,Intact Male,5 months,Domestic Medium Hair Mix,White/Brown Tabby,Domestic Medium Hair,Light/Medium
A711962,*Pepper,9/14/15 13:27,Stray,Normal,Dog,Intact Female,2 years,Chihuahua Shorthair Mix,Fawn,Toy,Light
A711963,Glenn,9/14/15 14:06,Owner Surrender,Normal,Cat,Intact Male,6 months,Domestic Shorthair Mix,Blue Tabby/White,Domestic Shorthair,Medium/Light
A711966,Heidi,9/14/15 14:46,Stray,Normal,Dog,Intact Female,10 months,Blue Lacy Mix,Tan/White,Herding,Medium/Light
A711966,Heidi,9/14/15 14:46,Stray,Normal,Dog,Intact Female,10 months,Blue Lacy Mix,Tan/White,Herding,Medium/Light
A711968,Parker,9/14/15 15:14,Stray,Normal,Dog,Intact Male,1 year,Brittany Mix,Brown/White,Sporting,Medium/Light
A711968,Parker,9/14/15 15:14,Stray,Normal,Dog,Intact Male,1 year,Brittany Mix,Brown/White,Sporting,Medium/Light
A711968,Parker,9/14/15 15:14,Stray,Normal,Dog,Intact Male,1 year,Brittany Mix,Brown/White,Sporting,Medium/Light
A711968,Parker,9/14/15 15:14,Stray,Normal,Dog,Intact Male,1 year,Brittany Mix,Brown/White,Sporting,Medium/Light
A606171,Savage,9/14/15 16:10,Stray,Injured,Dog,Spayed Female,4 years,Toy Fox Terrier Mix,White/Black,Terrier,Light/Dark
A711974,,9/14/15 16:18,Stray,Normal,Dog,Intact Female,1 year,Chihuahua Shorthair/Miniature Schnauzer,Black/Tan,Toy,Dark/Medium
A711975,,9/14/15 16:18,Stray,Normal,Dog,Intact Female,1 year,Chihuahua Shorthair/Miniature Schnauzer,Black/Tan,Toy,Dark/Medium
A711978,Salt,9/14/15 16:23,Owner Surrender,Normal,Dog,Intact Male,9 months,Labrador Retriever/Golden Retriever,White,Sporting,Light
A609206,Baby,9/14/15 16:23,Owner Surrender,Normal,Dog,Spayed Female,4 years,Labrador Retriever/Great Pyrenees,Tan,Sporting,Medium
A711980,Star,9/14/15 16:44,Stray,Normal,Cat,Neutered Male,4 years,Domestic Shorthair Mix,Brown Tabby,Domestic Shorthair,Medium/Light
A707317,*Theo,9/14/15 17:14,Owner Surrender,Normal,Dog,Neutered Male,1 year,Labrador Retriever/Chow Chow,Brown,Sporting,Medium
A711986,,9/14/15 18:55,Stray,Normal,Dog,Intact Male,2 months,Australian Cattle Dog Mix,White/Black,Herding,Light/Dark
A711990,*Maggie,9/15/15 8:51,Stray,Sick,Cat,Spayed Female,14 years,Domestic Longhair Mix,Blue,Domestic Longhair,Medium
A711994,,9/15/15 10:49,Stray,Normal,Dog,Intact Male,1 month,Labrador Retriever Mix,Black/White,Sporting,Dark/Light
A711995,Tyson,9/15/15 10:49,Stray,Normal,Dog,Intact Male,1 month,Labrador Retriever Mix,Black/White,Sporting,Dark/Light
A711997,Cuddy,9/15/15 11:03,Stray,Normal,Cat,Intact Male,1 month,Domestic Shorthair Mix,Orange Tabby,Domestic Shorthair,Medium
A711998,,9/15/15 11:17,Stray,Normal,Dog,Intact Female,1 year,Plott Hound Mix,Black Brindle/White,Hound,Tricolor
A711999,Oreo,9/15/15 11:19,Owner Surrender,Normal,Dog,Intact Male,3 years,Boston Terrier/Dachshund,Black/White,Terrier,Dark/Light
A712003,*Schotzie,9/15/15 11:22,Stray,Normal,Dog,Intact Female,3 years,Staffordshire Mix,Black/White,Terrier,Dark/Light
A712004,Lucky,9/15/15 11:30,Stray,Normal,Dog,Intact Male,6 years,Jack Russell Terrier Mix,Tricolor,Terrier,Tricolor
A712005,King,9/15/15 11:49,Public Assist,Normal,Dog,Intact Male,1 year,Pit Bull Mix,Blue/White,Pit Bull,Medium/Light
A712008,Maya,9/15/15 11:58,Stray,Normal,Dog,Intact Female,1 year,Labrador Retriever Mix,Black,Sporting,Dark
A712011,Daisy,9/15/15 12:35,Stray,Normal,Dog,Spayed Female,4 years,Jack Russell Terrier/Chihuahua Shorthair,Tricolor,Terrier,Tricolor
A712012,*Nala,9/15/15 13:04,Stray,Normal,Cat,Intact Female,1 month,Domestic Shorthair Mix,Black/White,Domestic Shorthair,Dark/Light
A712013,Ozzy,9/15/15 13:13,Owner Surrender,Normal,Dog,Neutered Male,1 year,Staffordshire Mix,Black/White,Terrier,Dark/Light
A710966,*Gilbert,9/15/15 14:26,Stray,Normal,Cat,Neutered Male,4 years,Domestic Longhair Mix,Orange Tabby,Domestic Longhair,Medium
A710966,*Gilbert,9/15/15 14:26,Stray,Normal,Cat,Neutered Male,4 years,Domestic Longhair Mix,Orange Tabby,Domestic Longhair,Medium
A712018,,9/15/15 14:57,Stray,Normal,Dog,Spayed Female,6 years,Pomeranian/Chihuahua Longhair,Buff/White,Toy,Light
A712020,,9/15/15 15:53,Stray,Normal,Dog,Intact Female,7 months,Jack Russell Terrier/Labrador Retriever,White/Tan,Terrier,Light/Medium
A712021,Paco,9/15/15 16:02,Owner Surrender,Normal,Dog,Neutered Male,5 years,Labrador Retriever Mix,Black/White,Sporting,Dark/Light
A712022,*Murphy,9/15/15 16:08,Stray,Normal,Dog,Intact Male,1 year,Australian Shepherd Mix,Brown/Black,Herding,Medium/Dark
A712025,Hudson,9/15/15 17:15,Public Assist,Sick,Dog,Intact Male,1 year,Labrador Retriever Mix,Black/White,Sporting,Dark/Light
A712025,Hudson,9/15/15 17:15,Public Assist,Sick,Dog,Intact Male,1 year,Labrador Retriever Mix,Black/White,Sporting,Dark/Light
A712029,,9/15/15 18:40,Stray,Normal,Cat,Intact Male,3 weeks,Domestic Shorthair Mix,Brown Tabby,Domestic Shorthair,Medium/Light
A699543,*Stewie,9/15/15 18:50,Owner Surrender,Normal,Dog,Neutered Male,6 months,Labrador Retriever/Pit Bull,White/Black,Sporting,Light/Dark
A712035,Sissy,9/16/15 7:50,Stray,Injured,Dog,Spayed Female,2 years,Cairn Terrier Mix,Tan/Brown,Terrier,Medium
A707440,Dro,9/16/15 9:17,Stray,Normal,Dog,Intact Male,1 year,Staffordshire Mix,Blue/White,Terrier,Medium/Light
A712044,*Owen,9/16/15 10:55,Stray,Normal,Dog,Intact Male,2 months,German Shepherd/Labrador Retriever,Red/Black,Herding,Medium/Dark
A712045,,9/16/15 10:55,Stray,Normal,Dog,Intact Male,2 months,German Shepherd/Labrador Retriever,Red/Black,Herding,Medium/Dark
A712046,Canela,9/16/15 10:55,Stray,Normal,Dog,Intact Female,2 months,German Shepherd/Labrador Retriever,Red/Black,Herding,Medium/Dark
A708716,*Buster,9/16/15 11:03,Owner Surrender,Normal,Dog,Neutered Male,8 months,Rottweiler Mix,Tricolor,Working,Tricolor
A712047,*Jasper,9/16/15 11:10,Stray,Normal,Dog,Intact Male,9 months,Redbone Hound/Australian Cattle Dog,Tricolor,Hound,Tricolor
A712050,Francesca,9/16/15 11:23,Stray,Normal,Dog,Spayed Female,1 year,Boxer Mix,White,Working,Light
A712053,*Ginger,9/16/15 11:37,Stray,Normal,Dog,Spayed Female,6 months,Australian Cattle Dog/Dalmatian,White/Black,Herding,Light/Dark
A712055,*Kimmy,9/16/15 11:40,Stray,Normal,Dog,Intact Female,2 years,Labrador Retriever Mix,Black/White,Sporting,Dark/Light
A712054,Hoover,9/16/15 11:45,Stray,Aged,Dog,Neutered Male,18 years,Basset Hound Mix,Tricolor,Hound,Tricolor
A712057,Jackson,9/16/15 12:16,Owner Surrender,Normal,Dog,Neutered Male,7 years,Pomeranian Mix,Buff,Toy,Light
A712059,*Hector,9/16/15 12:38,Stray,Normal,Dog,Intact Male,3 years,Rottweiler Mix,Black/Tan,Working,Dark/Medium
A712061,Beau,9/16/15 12:56,Stray,Normal,Dog,Intact Male,1 year,Shih Tzu,White/Tan,Toy,Light/Medium
A712066,*Oscar,9/16/15 13:45,Stray,Normal,Dog,Intact Male,9 months,Pointer/Blue Lacy,Tricolor,Sporting,Tricolor
A712065,*Fella,9/16/15 13:46,Stray,Injured,Cat,Intact Male,2 months,Domestic Shorthair Mix,Black,Domestic Shorthair,Dark
A712067,*Marcus,9/16/15 13:50,Stray,Normal,Dog,Intact Male,3 years,Australian Shepherd/Labrador Retriever,Blue Merle/Black,Herding,Tricolor
A712068,Minnie,9/16/15 13:54,Stray,Normal,Dog,Intact Female,1 year,Cocker Spaniel Mix,White/Brown,Sporting,Light/Medium
A712069,Chata,9/16/15 13:54,Stray,Normal,Dog,Intact Female,1 year,Shih Tzu/Miniature Poodle,Gray/Black,Toy,Medium/Dark
A712070,Honey,9/16/15 14:05,Owner Surrender,Normal,Cat,Spayed Female,5 years,British Shorthair Mix,Cream Tabby,Domestic,Light/Medium
A712071,Toby,9/16/15 14:39,Stray,Normal,Dog,Intact Male,3 years,Australian Cattle Dog Mix,Black Brindle/White,Herding,Tricolor
A712071,Toby,9/16/15 14:39,Stray,Normal,Dog,Intact Male,3 years,Australian Cattle Dog Mix,Black Brindle/White,Herding,Tricolor
A712072,Buddy,9/16/15 15:05,Owner Surrender,Normal,Dog,Intact Male,7 months,Labrador Retriever/Vizsla,Gold,Sporting,Medium
A712073,Ruger,9/16/15 15:05,Owner Surrender,Normal,Dog,Intact Male,1 year,Australian Cattle Dog/Pointer,Red Tick,Herding,Light/Medium
A712074,Momo,9/16/15 15:24,Stray,Normal,Dog,Intact Male,5 months,Labrador Retriever Mix,Brown,Sporting,Medium
A712076,Lolita,9/16/15 15:24,Stray,Normal,Dog,Intact Female,6 months,Labrador Retriever/Australian Kelpie,Black,Sporting,Dark
A588258,Diamond,9/16/15 15:42,Public Assist,Normal,Dog,Spayed Female,7 years,German Shepherd Mix,Black/Tan,Herding,Dark/Medium
A712078,Tula,9/16/15 15:47,Owner Surrender,Normal,Dog,Spayed Female,4 months,Siberian Husky/German Shepherd,Tricolor,Herding,Tricolor
A697976,*Allie,9/16/15 16:01,Stray,Normal,Dog,Spayed Female,2 years,Miniature Pinscher Mix,Black/Tan,Toy,Dark/Medium
A707663,Lola,9/16/15 16:14,Stray,Normal,Dog,Intact Female,8 months,Beagle Mix,Black/White,Hound,Dark/Light
A712082,Fred,9/16/15 16:37,Stray,Normal,Dog,Intact Male,3 years,St. Bernard Smooth Coat Mix,Brown/White,Working,Medium/Light
A669201,Boni,9/16/15 17:41,Public Assist,Normal,Dog,Neutered Male,2 years,Chihuahua Shorthair Mix,Black/Brown,Toy,Dark/Medium
A712085,*Furiosa,9/16/15 17:43,Stray,Nursing,Cat,Intact Female,3 weeks,Havana Brown Mix,Chocolate,Exotic,Dark
A712089,Peanut,9/16/15 18:21,Stray,Normal,Dog,Neutered Male,5 years,Pug/Pekingese,Brown,Toy,Medium
A712090,*Jalapeno,9/16/15 18:42,Stray,Normal,Cat,Intact Male,3 weeks,Domestic Shorthair Mix,Orange Tabby,Domestic Shorthair,Medium
A712091,*Salsa,9/16/15 18:42,Stray,Normal,Cat,Intact Male,3 weeks,Domestic Shorthair Mix,White/Cream Tabby,Domestic Shorthair,Light/Medium
A712092,*Nacho,9/16/15 18:42,Stray,Normal,Cat,Intact Male,3 weeks,Domestic Shorthair Mix,Orange Tabby,Domestic Shorthair,Medium
A712093,Simba,9/16/15 18:42,Stray,Normal,Cat,Intact Male,3 weeks,Domestic Shorthair Mix,Orange Tabby/White,Domestic Shorthair,Medium/Light
A712095,Coco,9/16/15 21:34,Stray,Normal,Dog,Intact Female,2 years,Pit Bull Mix,White,Pit Bull,Light
A712098,Jazz,9/17/15 7:38,Stray,Normal,Dog,Intact Female,3 years,Rat Terrier Mix,White/Tricolor,Terrier,Tricolor
A712098,Jazz,9/17/15 7:38,Stray,Normal,Dog,Intact Female,3 years,Rat Terrier Mix,White/Tricolor,Terrier,Tricolor
A705276,,9/17/15 7:55,Owner Surrender,Normal,Cat,Neutered Male,4 months,Domestic Shorthair Mix,Black,Domestic Shorthair,Dark
A712103,,9/17/15 11:03,Stray,Normal,Cat,Intact Male,1 weeks,Domestic Shorthair Mix,Orange/White,Domestic Shorthair,Medium/Light
A712104,,9/17/15 11:03,Stray,Normal,Cat,Intact Female,1 weeks,Domestic Shorthair Mix,Buff,Domestic Shorthair,Light
A712102,*Sheena,9/17/15 11:05,Stray,Normal,Dog,Intact Female,1 year,Chihuahua Shorthair Mix,Tan,Toy,Medium
A712105,,9/17/15 11:18,Stray,Normal,Cat,Intact Male,3 weeks,Domestic Shorthair Mix,Chocolate,Domestic Shorthair,Dark
A712106,,9/17/15 11:18,Stray,Normal,Cat,Intact Female,3 weeks,Domestic Shorthair Mix,Tortie,Domestic Shorthair,Dark/Medium
A712107,,9/17/15 11:18,Stray,Normal,Cat,Intact Female,3 weeks,Domestic Shorthair Mix,Tortie,Domestic Shorthair,Dark/Medium
A712108,,9/17/15 11:18,Stray,Normal,Cat,Intact Female,3 weeks,Domestic Shorthair Mix,Blue,Domestic Shorthair,Medium
A712109,,9/17/15 11:18,Stray,Normal,Cat,Intact Male,3 weeks,Domestic Shorthair Mix,Blue,Domestic Shorthair,Medium
A712110,,9/17/15 11:18,Stray,Normal,Cat,Intact Male,3 weeks,Domestic Shorthair Mix,Black,Domestic Shorthair,Dark
A712111,,9/17/15 11:18,Stray,Normal,Cat,Intact Male,3 weeks,Domestic Shorthair Mix,Orange Tabby,Domestic Shorthair,Medium
